Time	d18O	d18Ostd	d18O_lo	d18O_up
0.0	3.2191375	0.15293254	3.5188853	2.9193897
1.0	3.2225218	0.21149019	3.6370425	2.808001
2.0	3.2228743	0.14270189	3.50257	2.9431786
3.0	3.2689774	0.20398272	3.6687835	2.8691713
4.0	3.2257086	0.1624489	3.5441084	2.9073087
5.0	3.2670175	0.1484718	3.5580222	2.9760127
6.0	3.386693	0.35513635	4.0827603	2.6906258
7.0	3.3074789	0.13439903	3.570901	3.0440568
8.0	3.3797882	0.18511187	3.7426075	3.016969
9.0	3.4621496	0.13000991	3.7169691	3.2073302
10.0	3.5783898	0.29454848	4.1557048	3.0010747
11.0	3.7234217	0.2390647	4.1919885	3.2548548
12.0	3.9248164	0.2946745	4.5023784	3.3472544
13.0	3.9970323	0.16747889	4.325291	3.6687737
14.0	4.139092	0.22007788	4.5704446	3.7077393
15.0	4.1540499	0.38030776	4.8994531	3.4086467
16.0	4.4054279	0.16148005	4.7219288	4.088927
17.0	4.6203798	0.25990049	5.1297848	4.1109749
18.0	4.7196683	0.2695491	5.2479846	4.1913521
19.0	4.8731243	0.18599811	5.2376806	4.508568
20.0	4.8857504	0.17424691	5.2272743	4.5442264
21.0	4.9062064	0.1231492	5.1475789	4.664834
22.0	4.9390424	0.090851491	5.1171113	4.7609735
23.0	4.8900446	0.13304603	5.1508148	4.6292744
24.0	4.8756748	0.12269472	5.1161565	4.6351932
25.0	4.8715222	0.092311575	5.0524529	4.6905915
26.0	4.5739561	0.44331374	5.4428511	3.7050612
27.0	4.8265124	0.14055234	5.101995	4.5510298
28.0	4.789026	0.091568714	4.9685007	4.6095513
29.0	4.7542062	0.13242925	5.0137676	4.4946449
30.0	4.7327011	0.15001699	5.0267344	4.4386678
31.0	4.698808	0.12440142	4.9426348	4.4549812
32.0	4.6779243	0.12322548	4.9194462	4.4364023
33.0	4.6966307	0.18337722	5.0560501	4.3372114
34.0	4.6913777	0.13127186	4.9486706	4.4340849
35.0	4.6352521	0.11736938	4.865296	4.4052081
36.0	4.6258219	0.10047196	4.822747	4.4288969
37.0	4.55412	0.13910807	4.8267718	4.2814682
38.0	4.4824773	0.26608006	5.0039942	3.9609604
39.0	4.549056	0.11161946	4.7678302	4.3302819
40.0	4.5405155	0.13170599	4.7986593	4.2823718
41.0	4.4464015	0.19697072	4.8324641	4.0603389
42.0	4.4988056	0.14923731	4.7913107	4.2063004
43.0	4.5332474	0.10256073	4.7342664	4.3322284
44.0	4.5308738	0.12012596	4.7663207	4.2954269
45.0	4.5223431	0.10473933	4.7276322	4.317054
46.0	4.4707614	0.11867195	4.7033585	4.2381644
47.0	4.4654844	0.092739882	4.6472546	4.2837143
48.0	4.4715546	0.18052911	4.8253916	4.1177175
49.0	4.4430639	0.14665525	4.7305082	4.1556196
50.0	4.3893821	0.16631491	4.7153593	4.0634049
51.0	4.4647026	0.083753628	4.6288597	4.3005455
52.0	4.4517629	0.21776712	4.8785864	4.0249393
53.0	4.4406414	0.14627398	4.7273384	4.1539444
54.0	4.402827	0.079199207	4.5580575	4.2475966
55.0	4.3577355	0.12980316	4.6121497	4.1033213
56.0	4.3168856	0.11056849	4.5335998	4.1001713
57.0	4.3053562	0.1124638	4.5257852	4.0849271
58.0	4.3256683	0.14430868	4.6085133	4.0428233
59.0	4.3419653	0.13573755	4.6080109	4.0759197
60.0	4.3352805	0.12191108	4.5742262	4.0963347
61.0	4.3466494	0.20153525	4.7416585	3.9516404
62.0	4.394027	0.1049686	4.5997654	4.1882885
63.0	4.4191082	0.12881501	4.6715856	4.1666308
64.0	4.3714665	0.23046046	4.823169	3.919764
65.0	4.3758332	0.23388934	4.8342563	3.9174101
66.0	4.5237719	0.11187735	4.7430515	4.3044923
67.0	4.526545	0.15490839	4.8301654	4.2229245
68.0	4.5371161	0.17851763	4.8870106	4.1872215
69.0	4.5530331	0.10402182	4.7569158	4.3491503
70.0	4.5213819	0.12943859	4.7750816	4.2676823
71.0	4.4209904	0.27787963	4.9656344	3.8763463
72.0	4.4688014	0.1285037	4.7206687	4.2169342
73.0	4.4116199	0.11164041	4.6304351	4.1928047
74.0	4.3191474	0.1687829	4.6499619	3.9883329
75.0	4.279544	0.24451233	4.7587882	3.8002999
76.0	4.2439497	0.13509097	4.508728	3.9791714
77.0	4.2347837	0.17581688	4.5793848	3.8901827
78.0	4.1755219	0.1418615	4.4535705	3.8974734
79.0	4.101234	0.20099363	4.4951816	3.7072865
80.0	4.0659856	0.14632677	4.352786	3.7791851
81.0	4.0108933	0.14278893	4.2907595	3.731027
82.0	3.974712	0.21629392	4.3986481	3.5507759
83.0	3.9530709	0.219655	4.3835947	3.5225471
84.0	3.9406676	0.37179925	4.6693941	3.211941
85.0	3.9751974	0.36115213	4.6830556	3.2673392
86.0	3.9454935	0.31473489	4.5623739	3.3286131
87.0	3.9720292	0.2997706	4.5595796	3.3844789
88.0	4.0902159	0.25238517	4.5848909	3.595541
89.0	4.1561102	0.24873486	4.6436306	3.6685899
90.0	4.2166314	0.22739939	4.6623342	3.7709286
91.0	4.1533375	0.16798388	4.4825859	3.8240891
92.0	4.1273858	0.13780361	4.3974809	3.8572907
93.0	4.1097636	0.13227037	4.3690135	3.8505137
94.0	4.0137366	0.15827871	4.3239629	3.7035104
95.0	3.9767095	0.10482677	4.18217	3.771249
96.0	3.9498192	0.14511509	4.2342448	3.6653937
97.0	3.8850961	0.083033119	4.047841	3.7223512
98.0	3.7943983	0.16297536	4.11383	3.4749666
99.0	3.8122626	0.34824991	4.4948324	3.1296928
100.0	3.8091824	0.09797184	4.0012072	3.6171575
101.0	3.8627118	0.16922321	4.1943893	3.5310343
102.0	3.9335529	0.2482957	4.4202125	3.4468933
103.0	3.8702217	0.23476471	4.3303605	3.4100828
104.0	3.8569792	0.14086048	4.1330658	3.5808927
105.0	3.8548748	0.31691098	4.4760203	3.2337293
106.0	3.915972	0.20705994	4.3218095	3.5101345
107.0	3.9266936	0.265741	4.447546	3.4058412
108.0	3.969671	0.26430333	4.4877055	3.4516365
109.0	3.9875663	0.22836435	4.4351604	3.5399722
110.0	3.9949674	0.30232785	4.58753	3.4024048
111.0	4.0380982	0.15282537	4.337636	3.7385605
112.0	4.0408039	0.20242192	4.4375509	3.6440569
113.0	3.9879055	0.24892928	4.4758069	3.5000041
114.0	3.9526396	0.10648096	4.1613423	3.743937
115.0	3.8836636	0.26591796	4.4048629	3.3624644
116.0	3.7489653	0.22012174	4.1804039	3.3175267
117.0	3.622859	0.1806246	3.9768832	3.2688347
118.0	3.597726	0.29508207	4.1760869	3.0193652
119.0	3.3593535	0.14792723	3.6492908	3.0694161
120.0	3.3493186	0.20730191	3.7556303	2.9430068
121.0	3.4410815	0.4502073	4.3234878	2.5586751
122.0	3.1470662	0.11154332	3.3656911	2.9284413
123.0	3.0971023	0.10040089	3.2938881	2.9003166
124.0	3.3172484	0.38810022	4.0779249	2.556572
125.0	3.0637132	0.14391189	3.3457805	2.7816459
126.0	3.1312868	0.18395315	3.4918349	2.7707386
127.0	3.3791635	0.36182792	4.0883462	2.6699808
128.0	3.5735293	0.46965141	4.4940461	2.6530126
129.0	3.9837914	0.56891809	5.0988709	2.868712
130.0	3.8400052	0.37881445	4.5824816	3.0975289
131.0	4.0252719	0.26408819	4.5428848	3.5076591
132.0	4.2973203	0.22709735	4.7424311	3.8522095
133.0	4.3849491	0.38223445	5.1341286	3.6357696
134.0	4.6110158	0.22858304	5.0590386	4.1629931
135.0	4.820511	0.12995435	5.0752215	4.5658005
136.0	4.7073373	0.29441434	5.2843894	4.1302852
137.0	4.8548693	0.1608389	5.1701136	4.5396251
138.0	4.8894371	0.12502959	5.1344951	4.6443791
139.0	4.8087869	0.27182838	5.3415706	4.2760033
140.0	4.9125936	0.14634427	5.1994284	4.6257588
141.0	4.8529593	0.1211805	5.0904731	4.6154455
142.0	4.7609228	0.20718392	5.1670033	4.3548423
143.0	4.780223	0.1529072	5.0799212	4.4805249
144.0	4.732614	0.10149681	4.9315477	4.5336802
145.0	4.6590447	0.30079282	5.2485986	4.0694907
146.0	4.6890308	0.12899676	4.9418644	4.4361971
147.0	4.6505179	0.19105608	5.0249878	4.276048
148.0	4.6166819	0.13254558	4.8764712	4.3568925
149.0	4.5662022	0.32566347	5.2045026	3.9279018
150.0	4.6115768	0.12094936	4.8486375	4.374516
151.0	4.6074416	0.14924628	4.8999643	4.3149189
152.0	4.5990338	0.11826634	4.8308359	4.3672318
153.0	4.5665117	0.17547586	4.9104444	4.222579
154.0	4.6117863	0.1129402	4.8331491	4.3904235
155.0	4.5560661	0.3058014	5.1554368	3.9566953
156.0	4.6493679	0.14172254	4.9271441	4.3715917
157.0	4.6562151	0.19985863	5.047938	4.2644921
158.0	4.6806119	0.15552562	4.9854421	4.3757817
159.0	4.6667967	0.15726665	4.9750393	4.3585541
160.0	4.6774979	0.22034558	5.1093752	4.2456205
161.0	4.6982038	0.083277427	4.8614276	4.5349801
162.0	4.6443091	0.35789499	5.3457833	3.9428349
163.0	4.6563788	0.11085686	4.8736582	4.4390994
164.0	4.6478778	0.18765262	5.0156769	4.2800786
165.0	4.6018546	0.099781471	4.7974263	4.4062829
166.0	4.5256554	0.10700207	4.7353795	4.3159313
167.0	4.4943358	0.24085437	4.9664103	4.0222612
168.0	4.5426565	0.11190601	4.7619923	4.3233207
169.0	4.503482	0.11967012	4.7380355	4.2689286
170.0	4.4205111	0.23292373	4.8770416	3.9639806
171.0	4.4500768	0.1307606	4.7063676	4.193786
172.0	4.4696667	0.084707494	4.6356934	4.30364
173.0	4.4236614	0.10233863	4.6242451	4.2230777
174.0	4.3764743	0.17684547	4.7230914	4.0298571
175.0	4.3394817	0.14512757	4.6239318	4.0550317
176.0	4.3186917	0.24216454	4.7933342	3.8440492
177.0	4.3817038	0.18786841	4.7499259	4.0134817
178.0	4.3157504	0.22487063	4.7564968	3.8750039
179.0	4.2723363	0.29628746	4.8530598	3.6916129
180.0	4.4124753	0.14206142	4.6909157	4.1340349
181.0	4.4241631	0.08666121	4.5940191	4.2543072
182.0	4.4210179	0.072260782	4.5626491	4.2793868
183.0	4.4143394	0.13200271	4.6730647	4.155614
184.0	4.4460981	0.12746799	4.6959354	4.1962609
185.0	4.4892264	0.31091575	5.0986212	3.8798315
186.0	4.4915392	0.098647284	4.6848879	4.2981905
187.0	4.4729704	0.12928323	4.7263655	4.2195752
188.0	4.3520464	0.17837146	4.7016545	4.0024384
189.0	4.2693155	0.14379441	4.5511525	3.9874784
190.0	4.1584264	0.20136983	4.5531113	3.7637415
191.0	4.1689333	0.25634279	4.6713652	3.6665015
192.0	4.1081699	0.2677507	4.6329613	3.5833785
193.0	4.0666607	0.30429641	4.6630817	3.4702397
194.0	4.0108643	0.17367553	4.3512683	3.6704602
195.0	3.9912906	0.19438315	4.3722815	3.6102996
196.0	3.8881291	0.1580216	4.1978514	3.5784067
197.0	3.7712031	0.13889716	4.0434416	3.4989647
198.0	3.7627414	0.23323921	4.2198902	3.3055926
199.0	3.5979019	0.16426262	3.9198566	3.2759471
200.0	3.7534369	0.38965814	4.5171669	2.989707
201.0	3.5166265	0.14611852	3.8030188	3.2302342
202.0	3.5302522	0.17662194	3.8764312	3.1840732
203.0	3.7095195	0.25137084	4.2022063	3.2168326
204.0	3.7244138	0.27064759	4.2548831	3.1939445
205.0	3.7799031	0.30516288	4.3780223	3.1817838
206.0	3.7244031	0.20577409	4.1277203	3.3210859
207.0	3.8204181	0.24972803	4.309885	3.3309511
208.0	3.7069767	0.089690161	3.8827695	3.531184
209.0	3.7672824	0.19232339	4.1442363	3.3903286
210.0	3.6384858	0.12705453	3.8875127	3.3894589
211.0	3.5447632	0.090437716	3.7220211	3.3675053
212.0	3.6688351	0.42017174	4.4923717	2.8452985
213.0	3.6006692	0.29547076	4.1797918	3.0215465
214.0	3.4837533	0.16652222	3.8101369	3.1573698
215.0	3.5786849	0.32529013	4.2162536	2.9411162
216.0	3.5300459	0.11257114	3.7506853	3.3094064
217.0	3.5509978	0.222711	3.9875114	3.1144843
218.0	3.7562392	0.25930389	4.2644748	3.2480035
219.0	4.0553863	0.39600786	4.8315617	3.2792109
220.0	4.0530658	0.43735515	4.9102819	3.1958498
221.0	4.1659001	0.38472922	4.9199693	3.4118308
222.0	4.3068358	0.22944627	4.7565505	3.8571211
223.0	4.4102074	0.14746423	4.6992373	4.1211775
224.0	4.4286722	0.13626084	4.6957434	4.161601
225.0	4.2922638	0.27820017	4.8375362	3.7469915
226.0	4.3446865	0.17471932	4.6871363	4.0022366
227.0	4.2477093	0.15891686	4.5591863	3.9362322
228.0	4.2631305	0.17258297	4.6013932	3.9248679
229.0	4.0992442	0.32271468	4.731765	3.4667235
230.0	4.168175	0.16577842	4.4931007	3.8432493
231.0	4.1296619	0.18241211	4.4871896	3.7721341
232.0	4.0336136	0.26100116	4.5451759	3.5220514
233.0	3.9442795	0.26559278	4.4648414	3.4237177
234.0	3.8736499	0.20142415	4.2684413	3.4788586
235.0	3.684984	0.16649594	4.0113161	3.358652
236.0	3.7254671	0.31819195	4.3491233	3.1018109
237.0	3.4844896	0.10218873	3.6847795	3.2841997
238.0	3.5203267	0.22560578	3.962514	3.0781394
239.0	3.4135552	0.14471776	3.697202	3.1299084
240.0	3.3685529	0.23459763	3.8283642	2.9087415
241.0	3.7048971	0.49798169	4.6809412	2.728853
242.0	3.6395564	0.3600383	4.3452315	2.9338814
243.0	3.8458262	0.38207226	4.5946878	3.0969645
244.0	4.0413443	0.32714589	4.6825503	3.4001384
245.0	4.2433232	0.24610594	4.7256908	3.7609555
246.0	4.3470683	0.096697432	4.5365953	4.1575414
247.0	4.2293126	0.38558139	4.9850521	3.4735731
248.0	4.4557261	0.17381639	4.7964062	4.115046
249.0	4.5258239	0.1720382	4.8630187	4.188629
250.0	4.6055551	0.26293475	5.1209072	4.090203
251.0	4.6305257	0.25868249	5.1375434	4.1235081
252.0	4.6142249	0.22017479	5.0457675	4.1826824
253.0	4.5519964	0.16580882	4.8769817	4.2270111
254.0	4.5550747	0.13120057	4.8122278	4.2979216
255.0	4.4093777	0.30465526	5.0065021	3.8122534
256.0	4.4879067	0.17619781	4.8332544	4.142559
257.0	4.4753679	0.12412978	4.7186623	4.2320735
258.0	4.420738	0.1760626	4.7658207	4.0756554
259.0	4.4783074	0.1055208	4.6851282	4.2714867
260.0	4.4184125	0.11407786	4.6420051	4.1948199
261.0	4.4101153	0.1014714	4.6089993	4.2112314
262.0	4.4047109	0.13128383	4.6620272	4.1473946
263.0	4.4178618	0.32985486	5.0643774	3.7713463
264.0	4.3862066	0.24303834	4.8625618	3.9098515
265.0	4.4103779	0.30914633	5.0163047	3.8044511
266.0	4.484242	0.17901087	4.8351033	4.1333807
267.0	4.5251893	0.11640393	4.753341	4.2970376
268.0	4.428714	0.28196554	4.9813664	3.8760615
269.0	4.4894286	0.10376179	4.6928017	4.2860555
270.0	4.5712989	0.11921624	4.8049627	4.3376351
271.0	4.5268229	0.18017071	4.8799575	4.1736883
272.0	4.4158604	0.28543145	4.9753061	3.8564148
273.0	4.5095469	0.11847342	4.7417548	4.277339
274.0	4.463152	0.088570719	4.6367506	4.2895534
275.0	4.407663	0.1556072	4.7126531	4.1026729
276.0	4.2954956	0.21119396	4.7094357	3.8815554
277.0	4.3192037	0.10685917	4.5286477	4.1097597
278.0	4.2761353	0.17689079	4.6228412	3.9294293
279.0	4.3310299	0.15312623	4.6311573	4.0309025
280.0	4.2570361	0.21772975	4.6837864	3.8302858
281.0	4.0940059	0.17315707	4.4333937	3.754618
282.0	4.0633544	0.15861514	4.3742401	3.7524687
283.0	3.917464	0.13725883	4.1864913	3.6484367
284.0	3.8368737	0.1428792	4.116917	3.5568305
285.0	3.8144988	0.10121249	4.0128753	3.6161223
286.0	3.7843446	0.10859462	3.9971901	3.5714992
287.0	3.8197525	0.15744913	4.1283528	3.5111522
288.0	3.8367862	0.18661773	4.202557	3.4710155
289.0	3.9154726	0.13500823	4.1800887	3.6508564
290.0	4.009853	0.22241171	4.44578	3.5739261
291.0	4.1262826	0.11813943	4.3578358	3.8947293
292.0	4.2211887	0.19123269	4.5960048	3.8463726
293.0	4.2040159	0.23958008	4.6735928	3.7344389
294.0	4.2881483	0.13343462	4.5496801	4.0266164
295.0	4.3496078	0.12115015	4.5870621	4.1121535
296.0	4.260527	0.24836746	4.7473273	3.7737268
297.0	4.3435722	0.1224132	4.5835021	4.1036423
298.0	4.2438846	0.16744361	4.5720741	3.9156951
299.0	4.2293969	0.22970009	4.6796091	3.7791848
300.0	4.198778	0.22582808	4.6414011	3.756155
301.0	4.1227951	0.14705351	4.41102	3.8345702
302.0	4.0395261	0.17412094	4.3808031	3.6982491
303.0	3.9981282	0.19447707	4.3793033	3.6169531
304.0	3.9596481	0.22270354	4.3961471	3.5231492
305.0	3.9243966	0.16088341	4.239728	3.6090651
306.0	3.9665087	0.16512176	4.2901474	3.64287
307.0	3.9913972	0.10735182	4.2018067	3.7809876
308.0	3.9642138	0.12683863	4.2128175	3.7156101
309.0	3.9891935	0.22555785	4.4312869	3.5471002
310.0	3.8598754	0.11010029	4.0756719	3.6440788
311.0	3.7809512	0.10724748	3.9911563	3.5707462
312.0	3.758119	0.1954446	4.1411904	3.3750476
313.0	3.6487085	0.14451413	3.9319562	3.3654608
314.0	3.6767207	0.11923628	3.9104238	3.4430176
315.0	3.5980885	0.23048573	4.0498406	3.1463365
316.0	3.6941565	0.146285	3.9808751	3.4074379
317.0	3.6964391	0.18985073	4.0685466	3.3243317
318.0	3.6314039	0.15664143	3.9384211	3.3243867
319.0	3.5905381	0.084813111	3.7567718	3.4243044
320.0	3.7556744	0.27610374	4.2968377	3.2145111
321.0	3.5313352	0.13790806	3.801635	3.2610354
322.0	3.4498894	0.10639162	3.658417	3.2413618
323.0	3.3684427	0.23003115	3.8193037	2.9175816
324.0	3.2927158	0.071001217	3.4318782	3.1535534
325.0	3.3530288	0.25475783	3.8523542	2.8537035
326.0	3.2211815	0.098737891	3.4147077	3.0276552
327.0	3.1709313	0.081961131	3.3315751	3.0102875
328.0	3.3746696	0.32834161	4.0182191	2.73112
329.0	3.1544532	0.14224493	3.4332533	2.8756532
330.0	3.394082	0.37022858	4.11973	2.668434
331.0	3.2585493	0.21503171	3.6800114	2.8370871
332.0	3.6113046	0.50098757	4.5932402	2.629369
333.0	3.4897893	0.4221566	4.3172162	2.6623623
334.0	3.6160801	0.26052159	4.1267024	3.1054578
335.0	3.8782539	0.23169425	4.3323747	3.4241332
336.0	4.0956344	0.31779772	4.7185179	3.4727508
337.0	4.3720181	0.34654187	5.0512402	3.6927961
338.0	4.3363786	0.44281645	5.2042988	3.4684584
339.0	4.5778163	0.21413835	4.9975274	4.1581051
340.0	4.5088769	0.46397494	5.4182677	3.599486
341.0	4.826279	0.20550671	5.2290721	4.4234858
342.0	4.7187243	0.25338778	5.2153644	4.2220843
343.0	4.8214008	0.17771483	5.1697218	4.4730797
344.0	4.5895313	0.37955684	5.3334627	3.8455999
345.0	4.761134	0.14731548	5.0498724	4.4723957
346.0	4.7331123	0.090763494	4.9110088	4.5552159
347.0	4.6623856	0.18494355	5.024875	4.2998963
348.0	4.4412908	0.41799527	5.2605615	3.6220201
349.0	4.6469447	0.082813784	4.8092597	4.4846297
350.0	4.5703081	0.11690819	4.7994482	4.3411681
351.0	4.6274011	0.10317035	4.829615	4.4251872
352.0	4.4455217	0.41897304	5.2667089	3.6243346
353.0	4.5792604	0.10495722	4.7849766	4.3735443
354.0	4.3189968	0.43413677	5.1699048	3.4680887
355.0	4.524757	0.13498496	4.7893275	4.2601865
356.0	4.4979108	0.2126204	4.9146468	4.0811748
357.0	4.4997343	0.13533783	4.7649965	4.2344722
358.0	4.4953428	0.12314407	4.7367052	4.2539805
359.0	4.2260204	0.52353926	5.2521573	3.1998834
360.0	4.4816778	0.11989985	4.7166815	4.246674
361.0	4.3173144	0.32330528	4.9509927	3.683636
362.0	4.4436211	0.14990036	4.7374258	4.1498164
363.0	4.5138973	0.089796983	4.6898994	4.3378952
364.0	4.2974484	0.35788884	4.9989106	3.5959863
365.0	4.4543788	0.086061866	4.6230601	4.2856976
366.0	4.2627593	0.38689505	5.0210736	3.504445
367.0	4.3895038	0.092739045	4.5712724	4.2077353
368.0	4.3911652	0.10276377	4.5925822	4.1897482
369.0	4.3540147	0.091527279	4.5334081	4.1746212
370.0	4.3211993	0.10653575	4.5300094	4.1123892
371.0	4.2629058	0.17679821	4.6094303	3.9163813
372.0	4.2664932	0.082113598	4.4274359	4.1055506
373.0	4.1930524	0.21520882	4.6148617	3.7712431
374.0	4.2404713	0.14895575	4.5324246	3.9485181
375.0	4.2071325	0.18631668	4.5723132	3.8419518
376.0	4.1870083	0.15582469	4.4924247	3.8815919
377.0	4.1805363	0.13476454	4.4446748	3.9163978
378.0	4.1625487	0.11852398	4.3948557	3.9302417
379.0	4.1408488	0.13302432	4.4015765	3.8801212
380.0	4.1617951	0.16917558	4.4933792	3.830211
381.0	4.1526927	0.21856538	4.5810809	3.7243046
382.0	4.1308605	0.31762035	4.7533964	3.5083246
383.0	4.0777386	0.2061353	4.4817638	3.6737134
384.0	4.0294884	0.24125345	4.5023451	3.5566316
385.0	4.1067988	0.33785077	4.7689863	3.4446113
386.0	4.0345812	0.09144071	4.213805	3.8553574
387.0	4.0347256	0.28277559	4.5889658	3.4804854
388.0	3.9328171	0.1086638	4.1457982	3.7198361
389.0	3.8612757	0.10166747	4.0605439	3.6620074
390.0	3.8609965	0.1212026	4.0985536	3.6234394
391.0	3.89957	0.26970172	4.4281854	3.3709547
392.0	3.8893467	0.26749087	4.4136288	3.3650646
393.0	3.7725317	0.18811443	4.141236	3.4038274
394.0	3.8836787	0.28647092	4.4451617	3.3221957
395.0	3.6715126	0.16771298	4.0002301	3.3427952
396.0	3.6545379	0.19721007	4.0410697	3.2680062
397.0	3.5274976	0.12864962	3.7796508	3.2753443
398.0	3.4923218	0.16322307	3.812239	3.1724046
399.0	3.485453	0.43778713	4.3435158	2.6273903
400.0	3.3491566	0.084963357	3.5156848	3.1826284
401.0	3.329098	0.20365392	3.7282596	2.9299363
402.0	3.1831462	0.098772184	3.3767397	2.9895528
403.0	3.1961185	0.13453675	3.4598105	2.9324265
404.0	3.1713247	0.12224384	3.4109226	2.9317267
405.0	3.1494614	0.10151601	3.3484328	2.95049
406.0	3.1460073	0.10441708	3.3506648	2.9413498
407.0	3.3748118	0.37555813	4.1109057	2.6387179
408.0	3.1947879	0.11628511	3.4227067	2.9668691
409.0	3.1652632	0.17453293	3.5073478	2.8231787
410.0	3.1989124	0.1148942	3.424105	2.9737198
411.0	3.2856065	0.11386398	3.5087799	3.0624331
412.0	3.3133944	0.13921141	3.5862488	3.04054
413.0	3.3180301	0.10049376	3.5149979	3.1210624
414.0	3.4587286	0.25409729	3.9567593	2.9606979
415.0	3.4019024	0.12812835	3.6530339	3.1507708
416.0	3.4427426	0.1361488	3.7095943	3.1758909
417.0	3.5399468	0.12979841	3.7943517	3.2855419
418.0	3.5958549	0.10685141	3.8052837	3.3864262
419.0	3.6727527	0.20760737	4.0796631	3.2658422
420.0	3.723618	0.094962233	3.909744	3.537492
421.0	3.7846776	0.13976814	4.0586232	3.5107321
422.0	3.9086622	0.31564214	4.5273208	3.2900036
423.0	3.8478947	0.12182435	4.0866704	3.609119
424.0	3.8486319	0.26354614	4.3651823	3.3320815
425.0	4.1233016	0.37583121	4.8599308	3.3866724
426.0	4.0668779	0.30173795	4.6582843	3.4754715
427.0	4.1121983	0.39026588	4.8771194	3.3472772
428.0	4.5208616	0.35920706	5.2249075	3.8168158
429.0	4.8244019	0.23226897	5.2796491	4.3691547
430.0	4.6778137	0.38353847	5.4295491	3.9260783
431.0	5.0781118	0.16076733	5.3932157	4.7630078
432.0	4.9681646	0.31831496	5.592062	4.3442673
433.0	5.0911804	0.1890378	5.4616945	4.7206664
434.0	5.093022	0.14579509	5.3787804	4.8072636
435.0	5.0289686	0.20962598	5.4398356	4.6181017
436.0	5.0184366	0.16940559	5.3504716	4.6864017
437.0	4.6715342	0.46691694	5.5866914	3.756377
438.0	4.9205384	0.26731838	5.4444824	4.3965943
439.0	4.97638	0.14820752	5.2668667	4.6858932
440.0	4.6721884	0.43933202	5.5332791	3.8110976
441.0	4.9034818	0.10566702	5.1105892	4.6963745
442.0	4.890982	0.23936041	5.3601284	4.4218356
443.0	4.888945	0.12575478	5.1354244	4.6424656
444.0	4.7468984	0.25257122	5.241938	4.2518588
445.0	4.8328955	0.2440726	5.3112778	4.3545132
446.0	4.809481	0.14249325	5.0887677	4.5301942
447.0	4.5906015	0.47510501	5.5218074	3.6593957
448.0	4.7483477	0.096815172	4.9381054	4.5585899
449.0	4.7776063	0.10293615	4.9793612	4.5758515
450.0	4.4430277	0.45290359	5.3307187	3.5553366
451.0	4.6874702	0.11852142	4.9197722	4.4551682
452.0	4.6176592	0.11143101	4.836064	4.3992544
453.0	4.5375287	0.23496631	4.9980627	4.0769948
454.0	4.5919885	0.12070848	4.8285771	4.3553998
455.0	4.3663357	0.32601617	5.0053273	3.727344
456.0	4.5761415	0.14438709	4.8591402	4.2931428
457.0	4.5589367	0.10852836	4.7716522	4.3462211
458.0	4.3515535	0.36209421	5.0612582	3.6418489
459.0	4.5332245	0.13881208	4.8052961	4.2611528
460.0	4.4375844	0.28074322	4.9878411	3.8873277
461.0	4.5084243	0.14018731	4.7831914	4.2336571
462.0	4.4753575	0.1854994	4.8389363	4.1117787
463.0	4.5186655	0.11071179	4.7356606	4.3016704
464.0	4.4316804	0.22290129	4.8685669	3.9947938
465.0	4.4686702	0.1028837	4.6703222	4.2670181
466.0	4.3545023	0.2772476	4.8979076	3.811097
467.0	4.3661059	0.20313202	4.7642446	3.9679671
468.0	4.3428543	0.17760859	4.6909672	3.9947415
469.0	4.2734328	0.20893118	4.682938	3.8639277
470.0	4.2561187	0.18795933	4.624519	3.8877185
471.0	4.2352243	0.24809274	4.7214861	3.7489626
472.0	4.1565637	0.26983892	4.685448	3.6276794
473.0	4.3027473	0.17300025	4.6418278	3.9636668
474.0	4.3392614	0.070135798	4.4767276	4.2017952
475.0	4.2830468	0.11142298	4.5014358	4.0646578
476.0	4.0822689	0.30122503	4.67267	3.4918678
477.0	4.1104952	0.22997225	4.5612408	3.6597495
478.0	4.0758468	0.19031265	4.4488596	3.702834
479.0	3.9782776	0.14640112	4.2652238	3.6913314
480.0	3.9878865	0.098764113	4.1814641	3.7943088
481.0	3.9940982	0.10946315	4.208646	3.7795504
482.0	3.8651886	0.1116785	4.0840784	3.6462987
483.0	3.8434489	0.10757837	4.0543025	3.6325953
484.0	3.8355672	0.11769566	4.0662506	3.6048837
485.0	3.77617	0.17783866	4.1247338	3.4276063
486.0	3.7140311	0.1207659	3.9507322	3.4773299
487.0	3.7446612	0.16533546	4.0687187	3.4206037
488.0	3.7071971	0.094727	3.892862	3.5215322
489.0	3.6478746	0.11466452	3.872617	3.4231321
490.0	3.6079148	0.14053745	3.8833682	3.3324614
491.0	3.6628471	0.42409471	4.4940728	2.8316215
492.0	3.6576889	0.13967982	3.9314614	3.3839165
493.0	3.6706219	0.10629197	3.8789541	3.4622896
494.0	3.8491156	0.2434625	4.3263021	3.3719291
495.0	3.7692807	0.066015975	3.898672	3.6398894
496.0	3.7689694	0.18524909	4.1320576	3.4058812
497.0	3.7421774	0.071261726	3.8818504	3.6025044
498.0	3.8008774	0.1902964	4.1738583	3.4278965
499.0	3.8059468	0.18335979	4.165332	3.4465616
500.0	3.8071823	0.13809806	4.0778545	3.5365101
501.0	3.7542508	0.073821081	3.8989401	3.6095615
502.0	3.800658	0.160906	4.1160338	3.4852823
503.0	3.9068282	0.24457842	4.3862019	3.4274546
504.0	3.8885218	0.22136489	4.322397	3.4546466
505.0	3.9237465	0.069105417	4.0591931	3.7882999
506.0	3.9984417	0.17034325	4.3323145	3.664569
507.0	4.0053408	0.086911389	4.1756872	3.8349945
508.0	4.0692818	0.16665171	4.3959191	3.7426445
509.0	4.0706748	0.1089771	4.28427	3.8570797
510.0	4.181779	0.30170651	4.7731237	3.5904342
511.0	4.1883047	0.1341688	4.4512756	3.9253339
512.0	4.1929105	0.078515528	4.346801	4.0390201
513.0	4.1861254	0.098511791	4.3792085	3.9930423
514.0	4.12107	0.11610576	4.3486373	3.8935027
515.0	4.1854219	0.11176227	4.404476	3.9663679
516.0	4.1105593	0.15228223	4.4090324	3.8120861
517.0	4.0761093	0.15652279	4.382894	3.7693246
518.0	4.0396599	0.13565107	4.305536	3.7737838
519.0	4.1167304	0.32141747	4.7467086	3.4867521
520.0	3.956003	0.10854252	4.1687464	3.7432597
521.0	3.9877896	0.11404711	4.2113219	3.7642573
522.0	3.956012	0.20425583	4.3563534	3.5556705
523.0	3.8668397	0.15083383	4.162474	3.5712054
524.0	3.8780579	0.09967668	4.0734242	3.6826916
525.0	3.986903	0.48588533	4.9392382	3.0345678
526.0	3.8436623	0.2255056	4.2856533	3.4016713
527.0	3.9472966	0.13141243	4.204865	3.6897283
528.0	3.870621	0.20721591	4.2767642	3.4644778
529.0	3.9722338	0.12872854	4.2245417	3.7199259
530.0	4.0325247	0.13581038	4.2987131	3.7663364
531.0	4.0937292	0.26636423	4.6158031	3.5716553
532.0	4.0266245	0.072390902	4.1685107	3.8847383
533.0	4.1122701	0.12104719	4.3495225	3.8750176
534.0	4.0432446	0.33896294	4.7076119	3.3788772
535.0	4.1339801	0.12242767	4.3739383	3.8940219
536.0	4.3201961	0.22258077	4.7564544	3.8839378
537.0	4.4418559	0.20881776	4.8511388	4.0325731
538.0	4.4104162	0.29391546	4.9864905	3.8343419
539.0	4.4808023	0.22861274	4.9288833	4.0327213
540.0	4.5605151	0.28004789	5.109409	4.0116213
541.0	4.6836193	0.1530164	4.9835314	4.3837071
542.0	4.4932388	0.25291359	4.9889495	3.9975282
543.0	4.4596744	0.32046921	5.087794	3.8315547
544.0	4.545786	0.22170996	4.9803375	4.1112345
545.0	4.5372999	0.19253211	4.9146628	4.1599369
546.0	4.6222811	0.14572027	4.9078929	4.3366694
547.0	4.6065832	0.16992103	4.9396284	4.273538
548.0	4.6329238	0.21354812	5.0514781	4.2143695
549.0	4.5648499	0.19216717	4.9414975	4.1882022
550.0	4.57151	0.22779812	5.0179944	4.1250257
551.0	4.4903058	0.16412685	4.8119944	4.1686171
552.0	4.5179044	0.12258045	4.7581621	4.2776467
553.0	4.4346931	0.17796581	4.7835061	4.0858801
554.0	4.4107799	0.17546294	4.7546873	4.0668725
555.0	4.4083495	0.13515957	4.6732622	4.1434367
556.0	4.366846	0.12305575	4.6080353	4.1256568
557.0	4.3658905	0.14245183	4.6450961	4.0866849
558.0	4.282955	0.32681734	4.9235169	3.642393
559.0	4.2541161	0.064237203	4.3800211	4.1282112
560.0	4.1543859	0.11943063	4.38847	3.9203019
561.0	4.1783833	0.12488693	4.4231617	3.9336049
562.0	4.0980293	0.13232436	4.3573851	3.8386736
563.0	4.0529951	0.24055102	4.5244751	3.5815151
564.0	3.9780902	0.15796391	4.2876995	3.668481
565.0	3.9619967	0.15478089	4.2653673	3.6586262
566.0	3.7846902	0.18042853	4.1383301	3.4310503
567.0	3.8708038	0.25407296	4.3687868	3.3728208
568.0	3.968376	0.09883904	4.1621005	3.7746514
569.0	4.0398065	0.1821495	4.3968195	3.6827935
570.0	3.9155202	0.15189777	4.2132398	3.6178006
571.0	3.7998755	0.17337919	4.1396987	3.4600523
572.0	3.677075	0.14735192	3.9658848	3.3882653
573.0	3.6387459	0.18693145	4.0051315	3.2723602
574.0	3.6674844	0.39381269	4.4393573	2.8956115
575.0	3.44341	0.075751284	3.5918825	3.2949375
576.0	3.4672174	0.12364339	3.7095584	3.2248764
577.0	3.3905173	0.11578466	3.6174552	3.1635794
578.0	3.4296483	0.14524718	3.7143328	3.1449638
579.0	3.5772915	0.2581738	4.0833122	3.0712709
580.0	3.4903547	0.16881107	3.8212244	3.159485
581.0	3.7321687	0.29087478	4.3022832	3.1620541
582.0	4.1177422	0.22054627	4.5500129	3.6854715
583.0	4.3484109	0.20254178	4.7453928	3.951429
584.0	4.1784669	0.28032653	4.7279069	3.6290269
585.0	4.2996672	0.16005621	4.6133774	3.9859571
586.0	4.1563441	0.21172789	4.5713307	3.7413574
587.0	4.2334866	0.12560899	4.4796802	3.987293
588.0	4.1392063	0.16606294	4.4646896	3.8137229
589.0	4.1338248	0.06786994	4.2668498	4.0007997
590.0	4.1456573	0.11774824	4.3764438	3.9148707
591.0	3.9649712	0.20144797	4.3598093	3.5701332
592.0	4.062618	0.11359652	4.2852671	3.8399688
593.0	4.1624829	0.1551684	4.466613	3.8583528
594.0	4.038323	0.10719848	4.248432	3.8282139
595.0	3.985252	0.20568585	4.3883962	3.5821077
596.0	3.9175558	0.12317939	4.1589874	3.6761242
597.0	3.8769336	0.15340847	4.1776142	3.576253
598.0	3.9280911	0.21081965	4.3412976	3.5148846
599.0	4.0757291	0.15832298	4.3860421	3.765416
600.0	3.7147963	0.47098538	4.6379276	2.791665
602.0	4.2623767	0.38558133	5.0181161	3.5066373
604.0	3.9677281	0.1412421	4.2445626	3.6908936
606.0	3.8215897	0.1490372	4.1137026	3.5294768
608.0	3.7805251	0.13645271	4.0479724	3.5130778
610.0	3.6357946	0.15621793	3.9419818	3.3296075
612.0	3.4566409	0.088319854	3.6297478	3.283534
614.0	3.5494556	0.079870976	3.7060027	3.3929085
616.0	3.6370002	0.15868366	3.9480201	3.3259802
618.0	3.6152456	0.41437677	4.427424	2.8030671
620.0	3.8508469	0.21540214	4.2730351	3.4286587
622.0	4.3199019	0.14851285	4.6109871	4.0288168
624.0	4.8537562	0.26711777	5.377307	4.3302054
626.0	4.8574151	0.29281607	5.4313346	4.2834956
628.0	5.105348	0.26462035	5.6240039	4.5866921
630.0	5.1406884	0.15392489	5.4423812	4.8389956
632.0	4.9823266	0.18434389	5.3436406	4.6210126
634.0	4.8388031	0.2299472	5.2894996	4.3881066
636.0	4.9532436	0.099578268	5.148417	4.7580701
638.0	4.8013951	0.30226905	5.3938425	4.2089478
640.0	4.9196981	0.13904886	5.1922338	4.6471623
642.0	4.7683833	0.21047254	5.1809095	4.3558571
644.0	4.7578869	0.10579651	4.965248	4.5505257
646.0	4.6764081	0.13819085	4.9472622	4.405554
648.0	4.7028229	0.23020686	5.1540283	4.2516174
650.0	4.6796281	0.24814909	5.1660003	4.1932559
652.0	4.6204542	0.24166575	5.0941191	4.1467894
654.0	4.6549105	0.086640156	4.8247252	4.4850958
656.0	4.3692872	0.42262378	5.1976298	3.5409446
658.0	4.6125368	0.10206445	4.8125831	4.4124904
660.0	4.603597	0.10858669	4.8164269	4.390767
662.0	4.5469968	0.20489792	4.9485968	4.1453969
664.0	4.5328786	0.33224214	5.1840732	3.881684
666.0	4.518827	0.13292949	4.7793688	4.2582852
668.0	4.4947683	0.20334852	4.8933314	4.0962052
670.0	4.4619317	0.16167751	4.7788196	4.1450437
672.0	4.4496565	0.15913958	4.7615701	4.1377429
674.0	4.3811635	0.1544796	4.6839436	4.0783835
676.0	4.3790443	0.1253836	4.6247962	4.1332925
678.0	4.1631298	0.18525163	4.526223	3.8000366
680.0	4.0320596	0.30957464	4.6388259	3.4252933
682.0	4.2322273	0.13522924	4.4972766	3.967178
684.0	4.0669267	0.19040593	4.4401223	3.693731
686.0	4.1084625	0.21944899	4.5385825	3.6783425
688.0	3.8981318	0.17498354	4.2410995	3.5551641
690.0	3.7723485	0.31947825	4.3985259	3.1461712
692.0	3.6738391	0.13214464	3.9328426	3.4148356
694.0	3.7175635	0.19516253	4.100082	3.3350449
696.0	3.6256075	0.1282766	3.8770296	3.3741854
698.0	3.6064591	0.17967566	3.9586234	3.2542948
700.0	3.8227543	0.35662694	4.5217431	3.1237655
702.0	3.8047686	0.18048692	4.1585229	3.4510142
704.0	3.8703955	0.14335554	4.1513724	3.5894187
706.0	3.8374702	0.15052386	4.132497	3.5424434
708.0	3.9818598	0.079149543	4.1369929	3.8267267
710.0	3.9856664	0.47871745	4.9239526	3.0473802
712.0	4.0593559	0.15060207	4.3545359	3.7641758
714.0	4.1696522	0.241336	4.6426708	3.6966336
716.0	4.354365	0.18786125	4.722573	3.9861569
718.0	4.6101714	0.25087639	5.1018891	4.1184536
720.0	4.6445049	0.22081991	5.077312	4.2116979
722.0	4.6269552	0.18411877	4.987828	4.2660825
724.0	4.4633988	0.093610426	4.6468752	4.2799223
726.0	4.3499317	0.084301078	4.5151619	4.1847016
728.0	4.1892785	0.12173737	4.4278838	3.9506733
730.0	4.10158	0.18340465	4.4610531	3.7421069
732.0	4.0033435	0.30033583	4.5920017	3.4146852
734.0	4.0841295	0.11663439	4.3127329	3.8555261
736.0	4.1633481	0.1669341	4.490539	3.8361573
738.0	4.2342281	0.14162338	4.51181	3.9566463
740.0	4.1754296	0.29164939	4.7470624	3.6037968
742.0	4.2181486	0.099386493	4.4129461	4.0233511
744.0	4.3613019	0.42425052	5.192833	3.5297709
746.0	4.5971765	0.22299619	5.034249	4.160104
748.0	4.5829288	0.1749264	4.9257846	4.2400731
750.0	4.5107876	0.1665499	4.8372254	4.1843498
752.0	4.3788382	0.26080289	4.8900119	3.8676645
754.0	4.4732215	0.091412723	4.6523904	4.2940525
756.0	4.3006431	0.10260628	4.5017514	4.0995348
758.0	4.2225635	0.27064758	4.7530327	3.6920942
760.0	4.2298289	0.12229085	4.469519	3.9901389
762.0	4.1122316	0.15574031	4.4174826	3.8069806
764.0	3.9589882	0.12643747	4.2068057	3.7111708
766.0	4.0527735	0.26710697	4.5763031	3.5292438
768.0	3.9645422	0.2030832	4.3625852	3.5664991
770.0	3.8907142	0.14036423	4.165828	3.6156003
772.0	3.7057895	0.1126526	3.9265886	3.4849904
774.0	3.7018634	0.16700583	4.0291948	3.374532
776.0	3.6363468	0.13278421	3.8966038	3.3760897
778.0	3.7638637	0.34490045	4.4398685	3.0878588
780.0	3.5506837	0.082078033	3.7115567	3.3898108
782.0	3.5843084	0.13698202	3.8527932	3.3158237
784.0	3.4388638	0.16241863	3.7572043	3.1205232
786.0	3.6267226	0.26390322	4.1439729	3.1094723
788.0	3.6117392	0.15316027	3.9119333	3.311545
790.0	3.9473935	0.30011745	4.5356237	3.3591633
792.0	4.1417437	0.16906947	4.4731199	3.8103675
794.0	4.4218791	0.34457309	5.0972424	3.7465159
796.0	4.482464	0.38137356	5.2299561	3.7349718
798.0	4.7157931	0.14691525	5.003747	4.4278392
800.0	4.6763057	0.11911937	4.9097796	4.4428317
802.0	4.5757385	0.092230046	4.7565094	4.3949676
804.0	4.5514221	0.11349282	4.773868	4.3289762
806.0	4.4504388	0.1212515	4.6880917	4.2127859
808.0	4.3950731	0.082226368	4.5562368	4.2339094
810.0	4.2885234	0.14857508	4.5797305	3.9973162
812.0	4.2006734	0.1851535	4.5635743	3.8377726
814.0	3.9295869	0.37007057	4.6549253	3.2042486
816.0	4.0581589	0.11943251	4.2922466	3.8240712
818.0	3.8523123	0.13480451	4.1165292	3.5880955
820.0	3.8372875	0.14919216	4.1297041	3.5448708
822.0	3.7309475	0.14401667	4.0132202	3.4486749
824.0	3.7493067	0.23343128	4.2068321	3.2917814
826.0	4.0744703	0.27739067	4.618156	3.5307846
828.0	3.9516797	0.17151741	4.2878539	3.6155056
830.0	3.9425685	0.11921478	4.1762295	3.7089075
832.0	4.000107	0.16281315	4.3192207	3.6809932
834.0	3.8175848	0.10392386	4.0212755	3.613894
836.0	3.7409637	0.1784249	4.0906765	3.3912509
838.0	3.9465839	0.18300519	4.3052741	3.5878937
840.0	3.791204	0.085405342	3.9585985	3.6238096
842.0	3.8068131	0.22047792	4.2389499	3.3746764
844.0	3.715772	0.1062271	3.9239772	3.5075669
846.0	3.638445	0.050949988	3.738307	3.538583
848.0	3.5065768	0.11178937	3.725684	3.2874696
850.0	3.4444386	0.11974559	3.67914	3.2097373
852.0	3.7648453	0.17104797	4.1000993	3.4295912
854.0	3.7756692	0.26917844	4.303259	3.2480795
856.0	3.5877038	0.10291234	3.789412	3.3859956
858.0	3.5029756	0.1023567	3.7035948	3.3023565
860.0	3.4030458	0.10651151	3.6118084	3.1942833
862.0	3.5716961	0.28954226	4.139199	3.0041933
864.0	3.4831267	0.27349789	4.0191825	2.9470708
866.0	3.7342489	0.38670439	4.4921895	2.9763083
868.0	4.1854048	0.25650333	4.6881513	3.6826582
870.0	4.5365216	0.16434977	4.8586471	4.2143961
872.0	4.7225061	0.14009212	4.9970866	4.4479255
874.0	4.6541939	0.29946113	5.2411378	4.0672501
876.0	4.7032945	0.1656542	5.0279767	4.3786122
878.0	4.6400785	0.1316	4.8980146	4.3821425
880.0	4.542855	0.11735553	4.7728718	4.3128382
882.0	4.3170621	0.4236826	5.14748	3.4866442
884.0	4.5207961	0.2024488	4.9175957	4.1239964
886.0	4.4615151	0.096743685	4.6511328	4.2718975
888.0	4.4330204	0.19445784	4.8141577	4.051883
890.0	4.4540062	0.12483167	4.6986763	4.2093361
892.0	4.3348581	0.25539778	4.8354377	3.8342785
894.0	4.3901598	0.098299407	4.5828266	4.1974929
896.0	4.2973807	0.13467926	4.5613521	4.0334094
898.0	4.1468896	0.17956509	4.4988372	3.7949421
900.0	4.1038116	0.26725707	4.6276355	3.5799877
902.0	4.1088235	0.12788406	4.3594763	3.8581708
904.0	4.0796842	0.10535671	4.2861833	3.873185
906.0	4.0530719	0.10450854	4.2579086	3.8482352
908.0	3.9890373	0.22038807	4.420998	3.5570767
910.0	4.0502128	0.10176041	4.2496632	3.8507624
912.0	4.0818297	0.14226331	4.3606658	3.8029936
914.0	4.0779092	0.17291291	4.4168185	3.7389999
916.0	4.0404334	0.3558979	4.7379933	3.3428736
918.0	4.4506716	0.16251974	4.7692103	4.1321329
920.0	4.5835647	0.22406631	5.0227347	4.1443947
922.0	4.4686758	0.13887805	4.7408768	4.1964748
924.0	4.3306668	0.11095284	4.5481344	4.1131993
926.0	4.2075734	0.15377721	4.5089768	3.9061701
928.0	4.0901725	0.24613722	4.5726015	3.6077436
930.0	4.005704	0.26528072	4.5256542	3.4857538
932.0	3.9758735	0.10739994	4.1863773	3.7653696
934.0	3.8962802	0.20011932	4.288514	3.5040463
936.0	3.8446941	0.1447851	4.1284729	3.5609153
938.0	3.69844	0.17163985	4.0348541	3.3620258
940.0	3.6890179	0.12501296	3.9340434	3.4439925
942.0	3.5817441	0.12233197	3.8215148	3.3419734
944.0	3.4453031	0.10470483	3.6505246	3.2400817
946.0	3.5106005	0.23308231	3.9674418	3.0537592
948.0	3.3803607	0.11292844	3.6017004	3.1590209
950.0	3.353705	0.076686378	3.5040103	3.2033997
952.0	3.2833061	0.1285783	3.5353195	3.0312926
954.0	3.358826	0.15097677	3.6547404	3.0629115
956.0	3.286702	0.14598096	3.5728247	3.0005793
958.0	3.4376312	0.32741041	4.0793556	2.7959068
960.0	4.0405563	0.35756371	4.7413812	3.3397315
962.0	4.2748152	0.38058834	5.0207684	3.5288621
964.0	4.5074429	0.19823434	4.8959822	4.1189036
966.0	4.320251	0.25610758	4.8222219	3.8182802
968.0	4.2349721	0.20606346	4.6388565	3.8310877
970.0	4.1411301	0.12067115	4.3776456	3.9046147
972.0	3.8804089	0.12444635	4.1243237	3.636494
974.0	3.9086285	0.18474164	4.2707221	3.5465349
976.0	3.8029836	0.088046997	3.9755557	3.6304114
978.0	3.6720157	0.13957706	3.9455868	3.3984447
980.0	3.7691102	0.19737495	4.1559651	3.3822553
982.0	3.9915161	0.30988989	4.5989003	3.3841319
984.0	4.104056	0.1688368	4.4349761	3.7731358
986.0	4.2242261	0.17389849	4.5650672	3.8833851
988.0	4.0852675	0.088034579	4.2578152	3.9127197
990.0	3.9949853	0.12237477	4.2348398	3.7551308
992.0	3.9185278	0.08886423	4.0927017	3.7443539
994.0	3.801322	0.20940157	4.211749	3.3908949
996.0	3.7958493	0.07411795	3.9411205	3.6505781
998.0	3.779853	0.19083415	4.153888	3.4058181
1000.0	3.8596062	0.1112268	4.0776107	3.6416017
1002.0	4.133423	0.15795129	4.4430075	3.8238384
1004.0	4.3505702	0.14347398	4.6317792	4.0693612
1006.0	4.254564	0.12875421	4.5069222	4.0022057
1008.0	4.1625324	0.14177583	4.440413	3.8846518
1010.0	4.0823464	0.18684583	4.4485643	3.7161286
1012.0	4.0448077	0.13976238	4.3187419	3.7708734
1014.0	3.8905001	0.13418846	4.1535095	3.6274907
1016.0	3.7393047	0.31010731	4.3471151	3.1314944
1018.0	3.8658631	0.16877087	4.196654	3.5350722
1020.0	3.7283131	0.11002842	3.9439688	3.5126574
1022.0	3.6418932	0.24198373	4.1161813	3.1676051
1024.0	3.6737954	0.21555446	4.0962822	3.2513087
1026.0	3.8033095	0.39780714	4.5830114	3.0236075
1028.0	3.7127059	0.10996037	3.9282283	3.4971836
1030.0	3.7913216	0.12561279	4.0375227	3.5451205
1032.0	4.0111957	0.15659101	4.3181141	3.7042773
1034.0	4.2634983	0.11285272	4.4846896	4.042307
1036.0	4.3331093	0.13531108	4.598319	4.0678996
1038.0	4.4271828	0.17030671	4.7609839	4.0933816
1040.0	4.2956163	0.25449696	4.7944303	3.7968022
1042.0	4.3086291	0.33087818	4.9571503	3.6601078
1044.0	4.4055344	0.15364461	4.7066779	4.104391
1046.0	4.3415358	0.17109096	4.6768741	4.0061976
1048.0	4.2928686	0.1919497	4.66909	3.9166472
1050.0	4.2710742	0.14545409	4.5561643	3.9859842
1052.0	4.1923926	0.15115905	4.4886643	3.8961209
1054.0	4.1864037	0.10798209	4.3980486	3.9747589
1056.0	4.0748608	0.31037911	4.6832039	3.4665177
1058.0	4.1108225	0.12227747	4.3504863	3.8711586
1060.0	3.8726802	0.19577437	4.2563979	3.4889624
1062.0	3.7419487	0.28047363	4.291677	3.1922203
1064.0	3.4629947	0.20426133	3.8633469	3.0626425
1066.0	3.3281411	0.30621491	3.9283224	2.7279599
1068.0	3.2554956	0.15744466	3.5640871	2.946904
1070.0	3.3041017	0.10534788	3.5105835	3.0976198
1072.0	3.2888061	0.29900546	3.8748568	2.7027554
1074.0	3.3222666	0.082472102	3.4839119	3.1606213
1076.0	3.5588699	0.33359629	4.2127186	2.9050212
1078.0	3.5181525	0.10939891	3.7325743	3.3037306
1080.0	3.5662843	0.24253666	4.0416561	3.0909124
1082.0	3.6546771	0.19321046	4.0333696	3.2759846
1084.0	3.6839533	0.098821555	3.8776435	3.490263
1086.0	3.7378682	0.1044862	3.9426611	3.5330752
1088.0	3.8188579	0.21683229	4.2438492	3.3938666
1090.0	3.8365033	0.16030664	4.1507043	3.5223022
1092.0	3.9005421	0.11640828	4.1287023	3.6723818
1094.0	3.9532519	0.14609936	4.2396067	3.6668972
1096.0	4.0274643	0.15414739	4.3295932	3.7253354
1098.0	4.1213374	0.093350786	4.304305	3.9383699
1100.0	4.2963582	0.14501193	4.5805816	4.0121349
1102.0	4.1379493	0.12851916	4.3898469	3.8860518
1104.0	4.0546544	0.11325543	4.276635	3.8326738
1106.0	3.8100284	0.16625896	4.135896	3.4841608
1108.0	3.6568096	0.25752599	4.1615605	3.1520586
1110.0	3.6496516	0.20911241	4.0595119	3.2397912
1112.0	3.7104915	0.11130464	3.9286486	3.4923344
1114.0	3.889467	0.083535026	4.0531957	3.7257384
1116.0	4.0590847	0.1571088	4.367018	3.7511515
1118.0	4.127781	0.066181826	4.2574974	3.9980646
1120.0	4.1963946	0.2141669	4.6161618	3.7766275
1122.0	4.4745939	0.19567587	4.8581186	4.0910692
1124.0	4.37908	0.21035664	4.791379	3.9667809
1126.0	4.4777217	0.13098888	4.7344599	4.2209835
1128.0	4.4219039	0.10168316	4.6212029	4.222605
1130.0	4.2708884	0.10312696	4.4730172	4.0687595
1132.0	4.0794935	0.17347184	4.4194983	3.7394886
1134.0	3.9450088	0.27028824	4.4747738	3.4152439
1136.0	4.1685584	0.087827002	4.3406993	3.9964175
1138.0	3.9296527	0.16554783	4.2541264	3.605179
1140.0	3.9255735	0.23445703	4.3851093	3.4660377
1142.0	3.8477389	0.11147674	4.0662333	3.6292445
1144.0	3.9101115	0.12446792	4.1540686	3.6661544
1146.0	3.7785315	0.12609396	4.0256757	3.5313873
1148.0	3.8742349	0.29582419	4.4540504	3.2944195
1150.0	3.6957043	0.1139873	3.9191194	3.4722891
1152.0	3.6532729	0.1127497	3.8742623	3.4322835
1154.0	3.595021	0.19650108	3.9801632	3.2098789
1156.0	3.6117049	0.15052565	3.9067352	3.3166747
1158.0	3.5522737	0.1240597	3.7954307	3.3091167
1160.0	3.5977093	0.17140506	3.9336632	3.2617554
1162.0	3.4811265	0.11808539	3.7125738	3.2496791
1164.0	3.5361612	0.10930816	3.7504052	3.3219172
1166.0	3.4943827	0.072009366	3.6355211	3.3532444
1168.0	3.4685184	0.17613031	3.8137338	3.123303
1170.0	3.5766096	0.12344823	3.8185681	3.334651
1172.0	3.6594106	0.10947888	3.8739892	3.444832
1174.0	3.69563	0.12391313	3.9384997	3.4527602
1176.0	3.6678715	0.27812663	4.2129997	3.1227433
1178.0	3.6053259	0.12452165	3.8493884	3.3612635
1180.0	3.6320489	0.29868981	4.2174809	3.0466169
1182.0	3.6340382	0.10407951	3.8380341	3.4300424
1184.0	3.701011	0.097471048	3.8920542	3.5099677
1186.0	3.7587678	0.22437285	4.1985386	3.318997
1188.0	3.6441276	0.088706634	3.8179926	3.4702626
1190.0	3.7808751	0.20322881	4.1792036	3.3825467
1192.0	4.0903311	0.15998707	4.4039058	3.7767564
1194.0	4.2391279	0.097336059	4.4299066	4.0483492
1196.0	4.3993023	0.083771963	4.5634954	4.2351093
1198.0	4.4198153	0.20553756	4.8226689	4.0169617
1200.0	4.5784556	0.12704593	4.8274656	4.3294456
1202.0	4.3369791	0.27789484	4.881653	3.7923053
1204.0	4.4555344	0.1021936	4.6558338	4.2552349
1206.0	4.2287245	0.34613346	4.907146	3.5503029
1208.0	4.4361233	0.092892386	4.6181924	4.2540542
1210.0	4.3105208	0.10160878	4.509674	4.1113676
1212.0	3.9916466	0.21699036	4.4169477	3.5663455
1214.0	4.1720696	0.071989413	4.3131688	4.0309703
1216.0	4.0395094	0.18471827	4.4015573	3.6774616
1218.0	3.7774473	0.40919707	4.5794736	2.9754211
1220.0	4.0498754	0.10517358	4.2560156	3.8437351
1222.0	3.8005236	0.19377663	4.1803258	3.4207214
1224.0	3.7072341	0.10833358	3.919568	3.4949003
1226.0	3.4991459	0.13940633	3.7723824	3.2259095
1228.0	3.412219	0.17275152	3.7508119	3.073626
1230.0	3.3072372	0.094750732	3.4929486	3.1215257
1232.0	3.3440555	0.16853314	3.6743805	3.0137305
1234.0	3.3221955	0.1109918	3.5397394	3.1046516
1236.0	3.3210955	0.12134868	3.5589389	3.0832521
1238.0	3.2941888	0.17146006	3.6302506	2.9581271
1240.0	3.3739905	0.25686272	3.8774414	2.8705396
1242.0	3.5473785	0.36991994	4.2724216	2.8223354
1244.0	3.6216446	0.31080099	4.2308145	3.0124746
1246.0	4.1799212	0.094981143	4.3660842	3.9937581
1248.0	4.3697742	0.10647438	4.5784639	4.1610844
1250.0	4.374257	0.1605577	4.68895	4.0595639
1252.0	4.2766078	0.3485485	4.9597629	3.5934527
1254.0	4.3957182	0.09082737	4.5737398	4.2176965
1256.0	4.2185579	0.12944157	4.4722634	3.9648524
1258.0	4.1461565	0.09375428	4.3299149	3.9623981
1260.0	4.002275	0.29192807	4.5744541	3.430096
1262.0	4.0727824	0.078135184	4.2259274	3.9196375
1264.0	3.9248554	0.12614287	4.1720954	3.6776154
1266.0	3.9019915	0.078701492	4.0562464	3.7477366
1268.0	3.8098683	0.10768218	4.0209253	3.5988112
1270.0	3.740215	0.14932668	4.0328953	3.4475347
1272.0	3.6267872	0.136446	3.8942214	3.359353
1274.0	3.6557122	0.059286495	3.7719137	3.5395106
1276.0	3.5992986	0.11086329	3.8165907	3.3820066
1278.0	3.6909815	0.17436907	4.0327448	3.3492181
1280.0	3.664926	0.20872331	4.0740237	3.2558284
1282.0	3.6539628	0.3329234	4.3064927	3.001433
1284.0	3.8918994	0.10673366	4.1010974	3.6827015
1286.0	4.0403954	0.21648568	4.4647073	3.6160834
1288.0	4.2974151	0.12619346	4.5447543	4.0500759
1290.0	4.3115209	0.13204592	4.5703309	4.0527109
1292.0	4.1770867	0.082855538	4.3394835	4.0146898
1294.0	3.8925622	0.20264947	4.2897551	3.4953692
1296.0	4.170562	0.12631331	4.4181361	3.9229879
1298.0	4.0280202	0.11883572	4.2609382	3.7951022
1300.0	3.9443649	0.35591755	4.6419633	3.2467665
1302.0	3.9363948	0.14343613	4.2175296	3.65526
1304.0	3.7184344	0.19277313	4.0962697	3.340599
1306.0	3.7964206	0.14896825	4.0883984	3.5044428
1308.0	3.6814319	0.10174905	3.88086	3.4820038
1310.0	3.5867126	0.11180241	3.8058453	3.3675799
1312.0	3.5525543	0.32957117	4.1985138	2.9065948
1314.0	3.5108881	0.1554612	3.8155921	3.2061842
1316.0	3.4597149	0.29515443	4.0382176	2.8812122
1318.0	3.6652099	0.29584472	4.2450655	3.0853542
1320.0	3.7433876	0.15271753	4.0427139	3.4440612
1322.0	3.7914919	0.11631302	4.0194654	3.5635183
1324.0	3.8856359	0.15765802	4.1946456	3.5766262
1326.0	3.9191177	0.19760973	4.3064327	3.5318026
1328.0	4.0872774	0.072715325	4.2297994	3.9447554
1330.0	4.0917137	0.071820044	4.232481	3.9509464
1332.0	4.1007646	0.225741	4.543217	3.6583123
1334.0	4.1126376	0.12021884	4.3482666	3.8770087
1336.0	4.1999929	0.077746831	4.3523767	4.0476092
1338.0	4.1852527	0.12108914	4.4225874	3.947918
1340.0	4.0827694	0.24182707	4.5567504	3.6087883
1342.0	3.9820248	0.12968797	4.2362132	3.7278364
1344.0	3.7166944	0.20988827	4.1280754	3.3053134
1346.0	3.6315939	0.32658444	4.2716994	2.9914884
1348.0	3.4800335	0.22504817	3.9211279	3.0389391
1350.0	3.3825391	0.16320016	3.7024114	3.0626668
1352.0	3.2922428	0.19570153	3.6758178	2.9086678
1354.0	3.3287298	0.12486349	3.5734622	3.0839973
1356.0	3.2983907	0.096150795	3.4868463	3.1099352
1358.0	3.4135973	0.23464584	3.8735032	2.9536915
1360.0	3.5690343	0.084918521	3.7354746	3.402594
1362.0	3.703482	0.213432	4.1218087	3.2851553
1364.0	3.8415469	0.076175608	3.9908511	3.6922427
1366.0	3.9244465	0.13038697	4.180005	3.6688881
1368.0	4.041105	0.1052645	4.2474234	3.8347866
1370.0	4.130672	0.098158739	4.3230631	3.9382808
1372.0	4.1544019	0.041529762	4.2358002	4.0730036
1374.0	4.0885856	0.18956589	4.4601347	3.7170364
1376.0	4.0751967	0.32627201	4.7146899	3.4357036
1378.0	4.2765272	0.078327235	4.4300486	4.1230059
1380.0	4.0234133	0.10070989	4.2208047	3.8260219
1382.0	3.9364479	0.16536745	4.2605681	3.6123277
1384.0	3.8789901	0.078964059	4.0337596	3.7242205
1386.0	3.7085685	0.073720537	3.8530607	3.5640762
1388.0	3.5598762	0.18118121	3.9149914	3.204761
1390.0	3.6174421	0.16260878	3.9361553	3.2987289
1392.0	3.4909619	0.1164601	3.7192237	3.2627001
1394.0	3.7317685	0.39200438	4.500097	2.9634399
1396.0	3.4863507	0.15563045	3.7913864	3.181315
1398.0	3.5331881	0.056808321	3.6445324	3.4218438
1400.0	3.565331	0.23247492	4.0209819	3.1096802
1402.0	3.6889647	0.1243675	3.932725	3.4452044
1404.0	3.7992426	0.19090682	4.17342	3.4250653
1406.0	4.0074115	0.17792906	4.3561524	3.6586705
1408.0	4.0611806	0.10179858	4.2607058	3.8616554
1410.0	4.1868098	0.088015895	4.359321	4.0142987
1412.0	4.2106138	0.081582838	4.3705161	4.0507114
1414.0	4.2559964	0.14272405	4.5357356	3.9762573
1416.0	4.072089	0.31644765	4.6923264	3.4518516
1418.0	3.8575608	0.48549824	4.8091373	2.9059842
1420.0	4.015639	0.063253063	4.139615	3.891663
1422.0	4.0104758	0.2023688	4.4071187	3.613833
1424.0	3.8453304	0.066318649	3.9753149	3.7153458
1426.0	3.7622048	0.10068215	3.9595418	3.5648678
1428.0	3.6097359	0.11644508	3.8379682	3.3815035
1430.0	3.4694193	0.080137564	3.626489	3.3123497
1432.0	3.3696061	0.10769424	3.5806869	3.1585254
1434.0	3.3077115	0.13328491	3.56895	3.0464731
1436.0	3.276588	0.21238593	3.6928644	2.8603115
1438.0	3.2545543	0.1016601	3.4538081	3.0553005
1440.0	3.3037691	0.06640221	3.4339174	3.1736207
1442.0	3.2655638	0.28864358	3.8313052	2.6998224
1444.0	3.3098685	0.091454704	3.4891197	3.1306172
1446.0	3.2548801	0.2537579	3.7522456	2.7575146
1448.0	3.2895006	0.28216662	3.8425471	2.736454
1450.0	3.2473165	0.16463088	3.5699931	2.92464
1452.0	3.4376221	0.39007812	4.2021752	2.6730689
1454.0	4.2234361	0.36679973	4.9423636	3.5045086
1456.0	4.3228759	0.24908152	4.8110757	3.8346761
1458.0	4.2096806	0.25530138	4.7100713	3.7092899
1460.0	4.3485503	0.082432102	4.5101172	4.1869834
1462.0	4.1234357	0.14023186	4.3982902	3.8485813
1464.0	4.0352822	0.085671715	4.2031987	3.8673656
1466.0	3.8161287	0.14318858	4.0967783	3.5354791
1468.0	3.7892599	0.15379794	4.0907038	3.4878159
1470.0	3.6741882	0.42070773	4.4987753	2.849601
1472.0	3.4737118	0.075462942	3.6216192	3.3258045
1474.0	3.4194087	0.10704707	3.629221	3.2095965
1476.0	3.4218597	0.16697623	3.7491331	3.0945863
1478.0	3.4293368	0.21523481	3.851197	3.0074766
1480.0	3.390038	0.084581473	3.5558176	3.2242583
1482.0	3.368391	0.026735609	3.4207928	3.3159892
1484.0	3.4719722	0.4091062	4.2738204	2.6701241
1486.0	3.4815886	0.19731383	3.8683237	3.0948535
1488.0	3.2973651	0.086254647	3.4664242	3.128306
1490.0	3.3037219	0.17692737	3.6504996	2.9569442
1492.0	3.4610039	0.36884688	4.1839438	2.738064
1494.0	4.0849558	0.16243691	4.4033321	3.7665794
1496.0	4.3901269	0.15215709	4.6883548	4.091899
1498.0	4.386137	0.13217163	4.6451934	4.1270806
1500.0	4.2469773	0.23093268	4.6996054	3.7943493
1502.5	4.2500089	0.20096926	4.6439086	3.8561091
1505.0	4.2867434	0.1596006	4.5995605	3.9739262
1507.5	4.1577759	0.092604109	4.33928	3.9762719
1510.0	4.0059012	0.069605876	4.1423287	3.8694737
1512.5	3.7175284	0.24438638	4.1965257	3.238531
1515.0	3.7779131	0.14826113	4.0685049	3.4873213
1517.5	3.7009838	0.09670381	3.8905232	3.5114443
1520.0	3.6085077	0.12178221	3.8472008	3.3698146
1522.5	3.6821613	0.17031563	4.01598	3.3483427
1525.0	3.9461848	0.1414183	4.2233647	3.669005
1527.5	3.9975263	0.15041521	4.2923401	3.7027125
1530.0	4.0987561	0.30892641	4.7042519	3.4932604
1532.5	4.3445724	0.11857012	4.5769699	4.112175
1535.0	4.4120704	0.24548539	4.8932217	3.930919
1537.5	4.3122774	0.26216797	4.8261266	3.7984282
1540.0	4.3789219	0.16252693	4.6974747	4.0603691
1542.5	4.2242152	0.074729766	4.3706855	4.0777449
1545.0	4.0180793	0.16085586	4.3333568	3.7028018
1547.5	3.9155519	0.13715939	4.1843843	3.6467195
1550.0	3.7121709	0.31110618	4.321939	3.1024028
1552.5	3.7971502	0.22565396	4.239432	3.3548684
1555.0	3.8343382	0.25866533	4.3413222	3.3273541
1557.5	3.8099919	0.24371803	4.2876793	3.3323046
1560.0	3.7718195	0.2180976	4.1992908	3.3443482
1562.5	3.6080897	0.20580088	4.0114594	3.20472
1565.0	3.5881384	0.22091396	4.0211297	3.155147
1567.5	3.6489763	0.11764311	3.8795568	3.4183958
1570.0	3.8433848	0.12719647	4.0926899	3.5940797
1572.5	4.1333135	0.17086665	4.4682121	3.7984149
1575.0	4.2239266	0.13987862	4.4980887	3.9497645
1577.5	4.2432081	0.1037668	4.4465911	4.0398252
1580.0	4.1153279	0.10388341	4.3189394	3.9117164
1582.5	4.0262165	0.2499197	4.5160591	3.5363739
1585.0	3.9061613	0.12085828	4.1430435	3.669279
1587.5	3.8183748	0.11904479	4.0517026	3.585047
1590.0	3.7521712	0.18905171	4.1227125	3.3816298
1592.5	3.9678003	0.34499484	4.6439902	3.2916104
1595.0	3.7842073	0.14512422	4.0686508	3.4997639
1597.5	3.6494221	0.058839205	3.764747	3.5340973
1600.0	3.5563633	0.11097566	3.7738756	3.338851
1602.5	3.4883444	0.24248943	3.9636237	3.0130651
1605.0	3.486584	0.17740969	3.834307	3.138861
1607.5	3.7080782	0.15031413	4.0026939	3.4134625
1610.0	3.7101535	0.28420797	4.2672011	3.1531059
1612.5	3.90919	0.061291551	4.0293215	3.7890586
1615.0	3.8378536	0.13123436	4.0950729	3.5806342
1617.5	3.7848837	0.19574871	4.1685512	3.4012162
1620.0	3.6688233	0.088492448	3.8422685	3.4953781
1622.5	3.6288031	0.10535287	3.8352948	3.4223115
1625.0	3.7469662	0.12242272	3.9869147	3.5070176
1627.5	3.8587834	0.33851519	4.5222732	3.1952936
1630.0	3.59613	0.23371153	4.0542046	3.1380554
1632.5	3.5563865	0.18512567	3.9192328	3.1935402
1635.0	3.6118973	0.30510402	4.2099012	3.0138934
1637.5	3.5420213	0.13141978	3.7996041	3.2844386
1640.0	3.8453776	0.32005763	4.4726905	3.2180646
1642.5	3.7794925	0.34982542	4.4651503	3.0938347
1645.0	3.906688	0.30126439	4.4971662	3.3162098
1647.5	4.1148295	0.16858058	4.4452475	3.7844116
1650.0	4.2632731	0.1664024	4.5894218	3.9371244
1652.5	4.2243174	0.15247763	4.5231736	3.9254613
1655.0	4.285044	0.088177426	4.4578717	4.1122162
1657.5	4.132347	0.15167435	4.4296287	3.8350653
1660.0	4.1553588	0.15951964	4.4680173	3.8427003
1662.5	4.117048	0.15513082	4.4211044	3.8129915
1665.0	4.1428923	0.10989974	4.3582958	3.9274888
1667.5	3.9360141	0.22247692	4.3720688	3.4999593
1670.0	3.9335103	0.10595679	4.1411856	3.725835
1672.5	3.7567668	0.071590481	3.8970841	3.6164494
1675.0	3.6384237	0.11597262	3.86573	3.4111174
1677.5	3.6945304	0.16178886	4.0116366	3.3774242
1680.0	3.6337976	0.166736	3.9606002	3.3069951
1682.5	3.6322085	0.094719544	3.8178588	3.4465582
1685.0	3.6234531	0.088916542	3.7977296	3.4491767
1687.5	3.6556942	0.24176165	4.1295471	3.1818414
1690.0	3.7625266	0.17833656	4.1120662	3.4129869
1692.5	3.8244888	0.19141837	4.1996688	3.4493088
1695.0	3.8923926	0.12486382	4.1371257	3.6476595
1697.5	3.8177312	0.094641983	4.0032294	3.6322329
1700.0	3.9949184	0.33813431	4.6576616	3.3321751
1702.5	4.2351728	0.14195414	4.5134029	3.9569426
1705.0	4.143546	0.15834426	4.4539008	3.8331913
1707.5	4.0626398	0.10350397	4.2655076	3.859772
1710.0	3.8722968	0.16923019	4.203988	3.5406056
1712.5	3.7474038	0.19012157	4.120042	3.3747655
1715.0	3.6033721	0.19052738	3.9768058	3.2299384
1717.5	3.5758642	0.32371031	4.2103364	2.941392
1720.0	3.6274816	0.26106404	4.1391671	3.1157961
1722.5	3.755032	0.19566582	4.138537	3.371527
1725.0	3.8365931	0.1706897	4.1711449	3.5020413
1727.5	3.7624453	0.1993403	4.1531523	3.3717383
1730.0	3.751146	0.11133549	3.9693636	3.5329285
1732.5	3.8674319	0.31276238	4.4804462	3.2544177
1735.0	3.6384138	0.088355431	3.8115904	3.4652372
1737.5	3.6059903	0.40571582	4.4011933	2.8107872
1740.0	3.7821485	0.29832658	4.3668686	3.1974284
1742.5	3.8983565	0.30645802	4.4990143	3.2976988
1745.0	3.9955559	0.27750139	4.5394586	3.4516531
1747.5	4.0295322	0.23410804	4.488384	3.5706805
1750.0	3.8999466	0.20773709	4.3071113	3.4927819
1752.5	3.7692753	0.12026423	4.0049932	3.5335574
1755.0	3.6447141	0.19882383	4.0344088	3.2550194
1757.5	3.8076788	0.23010611	4.2586868	3.3566708
1760.0	3.6203221	0.096871998	3.8101912	3.430453
1762.5	3.4143363	0.27215598	3.947762	2.8809106
1765.0	3.3942783	0.26639424	3.916411	2.8721456
1767.5	3.4432231	0.23141714	3.8968007	2.9896455
1770.0	3.457181	0.10245243	3.6579878	3.2563742
1772.5	3.5068409	0.14783593	3.7965994	3.2170825
1775.0	3.6019117	0.16050114	3.9164939	3.2873294
1777.5	3.6702613	0.20089295	4.0640115	3.2765111
1780.0	3.6164382	0.22126152	4.0501107	3.1827656
1782.5	3.7567704	0.35232455	4.4473265	3.0662143
1785.0	3.8099879	0.1606541	4.12487	3.4951059
1787.5	3.8024701	0.18346376	4.1620591	3.4428811
1790.0	3.9867814	0.13091215	4.2433692	3.7301936
1792.5	4.1747131	0.14531191	4.4595245	3.8899018
1795.0	4.0986535	0.14881234	4.3903257	3.8069813
1797.5	4.0043505	0.1654037	4.3285417	3.6801592
1800.0	3.9737106	0.15425478	4.27605	3.6713713
1802.5	3.8419306	0.084693978	4.0079308	3.6759304
1805.0	3.6793038	0.14669622	3.9668284	3.3917792
1807.5	3.6701007	0.15790259	3.9795897	3.3606116
1810.0	3.470241	0.11068734	3.6871882	3.2532938
1812.5	3.6019052	0.15792569	3.9114395	3.2923708
1815.0	3.753646	0.29676116	4.3352979	3.1719942
1817.5	3.7351337	0.30605113	4.3349939	3.1352734
1820.0	3.6562869	0.23624415	4.1193255	3.1932484
1822.5	3.527481	0.15407281	3.8294637	3.2254983
1825.0	3.5170771	0.17664951	3.8633101	3.170844
1827.5	3.5397415	0.14638653	3.8266591	3.2528239
1830.0	3.4591059	0.40817366	4.2591263	2.6590855
1832.5	3.7477643	0.30068285	4.3371027	3.1584259
1835.0	3.7505257	0.32331764	4.3842283	3.1168231
1837.5	3.7899823	0.32024954	4.4176714	3.1622932
1840.0	3.7531851	0.33274891	4.405373	3.1009972
1842.5	3.7848906	0.31101577	4.3944815	3.1752997
1845.0	3.7046553	0.22577926	4.1471826	3.2621279
1847.5	3.6521698	0.20314996	4.0503437	3.2539959
1850.0	3.5976409	0.18493873	3.9601208	3.2351609
1852.5	3.5703497	0.17121275	3.9059267	3.2347727
1855.0	3.6016932	0.17786439	3.9503074	3.253079
1857.5	3.6628014	0.18850507	4.0322713	3.2933315
1860.0	3.7016751	0.14739796	3.9905751	3.4127751
1862.5	3.9691899	0.24676295	4.4528452	3.4855345
1865.0	3.8646715	0.19658787	4.2499838	3.4793593
1867.5	3.7923295	0.20576945	4.1956376	3.3890213
1870.0	3.8695299	0.26492425	4.3887815	3.3502784
1872.5	3.7534979	0.39300691	4.5237914	2.9832043
1875.0	3.8117282	0.29953709	4.3988209	3.2246355
1877.5	3.726679	0.21316342	4.1444793	3.3088787
1880.0	3.7475492	0.18243502	4.1051219	3.3899766
1882.5	3.6067435	0.098206806	3.7992289	3.4142582
1885.0	3.5089345	0.06758836	3.6414077	3.3764613
1887.5	3.4237814	0.29323316	3.9985184	2.8490444
1890.0	3.5000345	0.17141223	3.8360024	3.1640665
1892.5	3.4788214	0.15957207	3.7915827	3.1660601
1895.0	3.6881819	0.12518817	3.9335508	3.4428131
1897.5	3.7338046	0.14618277	4.0203229	3.4472864
1900.0	4.0733139	0.0810157	4.2321047	3.9145232
1902.5	4.0580947	0.24711231	4.5424348	3.5737545
1905.0	4.0668657	0.21434554	4.486983	3.6467485
1907.5	4.0413793	0.10450782	4.2462146	3.8365439
1910.0	3.8757201	0.22340968	4.3136031	3.4378371
1912.5	3.9169689	0.12634751	4.16461	3.6693278
1915.0	3.8174336	0.12469309	4.061832	3.5730351
1917.5	3.7068022	0.26118312	4.2187211	3.1948833
1920.0	3.7177296	0.065456939	3.8460252	3.589434
1922.5	3.6510082	0.068917356	3.7860862	3.5159302
1925.0	3.669849	0.085461686	3.8373539	3.5023441
1927.5	3.5506005	0.08215708	3.7116283	3.3895726
1930.0	3.4652959	0.18512732	3.8281455	3.1024464
1932.5	3.4953096	0.12405874	3.7384647	3.2521545
1935.0	3.3561558	0.16055048	3.6708347	3.0414769
1937.5	3.4690196	0.13880597	3.7410793	3.1969599
1940.0	3.5448085	0.19483956	3.9266941	3.162923
1942.5	3.883518	0.16856341	4.2139023	3.5531337
1945.0	4.0049768	0.2345448	4.4646846	3.545269
1947.5	4.1237969	0.10809653	4.3356661	3.9119277
1950.0	4.0029686	0.22987208	4.4535179	3.5524194
1952.5	3.918108	0.13456962	4.1818645	3.6543516
1955.0	3.8358522	0.16092559	4.1512663	3.520438
1957.5	3.7592854	0.16018136	4.0732409	3.4453299
1960.0	3.7583135	0.17402147	4.0993956	3.4172314
1962.5	3.8458444	0.12287496	4.0866794	3.6050095
1965.0	3.7612156	0.13417803	4.0242045	3.4982267
1967.5	3.5769196	0.27171641	4.1094838	3.0443554
1970.0	3.5952188	0.26535085	4.1153064	3.0751311
1972.5	3.4342178	0.097047905	3.6244317	3.2440039
1975.0	3.4697891	0.16412401	3.7914721	3.148106
1977.5	3.4251487	0.30553359	4.0239945	2.8263028
1980.0	3.2831597	0.18640769	3.6485188	2.9178006
1982.5	3.4034921	0.13003927	3.658369	3.1486151
1985.0	3.4453791	0.092689273	3.62705	3.2637081
1987.5	3.4428603	0.13352955	3.7045782	3.1811424
1990.0	3.3748417	0.24595248	3.8569086	2.8927749
1992.5	3.5673718	0.059688905	3.684362	3.4503815
1995.0	3.6384349	0.15360222	3.9394953	3.3373746
1997.5	3.8498227	0.16845583	4.1799962	3.5196493
2000.0	3.9813569	0.11469298	4.2061551	3.7565586
2002.5	3.7936858	0.2429434	4.2698549	3.3175168
2005.0	3.8957942	0.18687786	4.2620748	3.5295136
2007.5	3.8261895	0.095213326	4.0128076	3.6395714
2010.0	3.7421279	0.13632236	4.0093198	3.4749361
2012.5	3.7501168	0.070107143	3.8875268	3.6127068
2015.0	3.7352602	0.27961612	4.2833078	3.1872126
2017.5	3.6410923	0.16917486	3.972675	3.3095095
2020.0	3.5636763	0.17129102	3.8994067	3.2279459
2022.5	3.4930665	0.15825708	3.8032504	3.1828826
2025.0	3.3240901	0.33849358	3.9875375	2.6606427
2027.5	3.4175468	0.18916441	3.788309	3.0467845
2030.0	3.4214669	0.1119028	3.6407964	3.2021374
2032.5	3.5190892	0.12995473	3.7738005	3.264378
2035.0	3.618302	0.15933276	3.9305943	3.3060098
2037.5	3.6625312	0.18229905	4.0198373	3.305225
2040.0	3.6214877	0.24433101	4.1003765	3.1425989
2042.5	3.6415272	0.23104326	4.094372	3.1886824
2045.0	3.8153658	0.079967694	3.9721024	3.6586291
2047.5	3.7352296	0.19464694	4.1167376	3.3537216
2050.0	3.6563935	0.2865736	4.2180778	3.0947093
2052.5	3.5808278	0.27956025	4.1287658	3.0328897
2055.0	3.7764572	0.23738137	4.2417247	3.3111897
2057.5	3.6544364	0.16244242	3.9728235	3.3360492
2060.0	3.7282484	0.18449889	4.0898662	3.3666306
2062.5	3.9230025	0.19884755	4.3127437	3.5332613
2065.0	4.0906581	0.17242882	4.4286186	3.7526976
2067.5	4.220711	0.099426531	4.415587	4.025835
2070.0	4.2689828	0.073554047	4.4131487	4.1248168
2072.5	4.1916903	0.070919099	4.3306917	4.0526889
2075.0	4.0451724	0.26261092	4.5598898	3.530455
2077.5	3.957649	0.18950629	4.3290813	3.5862167
2080.0	3.9641616	0.18329878	4.3234272	3.604896
2082.5	4.100621	0.12213371	4.340003	3.8612389
2085.0	3.9983399	0.15450086	4.3011616	3.6955182
2087.5	3.9485217	0.10090294	4.1462915	3.750752
2090.0	3.8194238	0.073927972	3.9643226	3.674525
2092.5	3.7557771	0.11657158	3.9842574	3.5272968
2095.0	3.609553	0.15078397	3.9050896	3.3140164
2097.5	3.5417052	0.16120734	3.8576716	3.2257388
2100.0	3.5589644	0.21829092	3.9868146	3.1311142
2102.5	3.6028968	0.23230115	4.0582071	3.1475865
2105.0	3.669048	0.15326677	3.9694508	3.3686451
2107.5	3.6324818	0.12333186	3.8742122	3.3907513
2110.0	3.5569367	0.16320039	3.8768095	3.2370639
2112.5	3.5057566	0.1223786	3.7456187	3.2658946
2115.0	3.4713218	0.22436091	3.9110692	3.0315744
2117.5	3.780568	0.20408412	4.1805728	3.3805631
2120.0	3.6296829	0.23778304	4.0957377	3.1636282
2122.5	3.8118753	0.070262888	3.9495906	3.6741601
2125.0	3.6210818	0.20866422	4.0300636	3.2120999
2127.5	3.5433002	0.12940311	3.7969303	3.2896701
2130.0	3.322064	0.18895153	3.692409	2.951719
2132.5	3.3678435	0.086990681	3.5383452	3.1973417
2135.0	3.2482406	0.26643497	3.7704531	2.726028
2137.5	3.2655047	0.37054773	3.9917783	2.5392312
2140.0	3.3618102	0.12751744	3.6117444	3.111876
2142.5	3.4983717	0.14513093	3.7828283	3.2139151
2145.0	3.682331	0.29359427	4.2577758	3.1068862
2147.5	3.9892205	0.20627909	4.3935275	3.5849134
2150.0	4.1972891	0.16475927	4.5202172	3.8743609
2152.5	4.2377982	0.13166849	4.4958684	3.979728
2155.0	4.2279727	0.20817987	4.6360053	3.8199402
2157.5	4.0917024	0.28332558	4.6470205	3.5363843
2160.0	4.1392406	0.078458177	4.2930187	3.9854626
2162.5	4.0531269	0.13162156	4.3111052	3.7951487
2165.0	3.8822309	0.29971306	4.4696685	3.2947933
2167.5	3.8415645	0.09913282	4.0358648	3.6472642
2170.0	3.7768221	0.070879914	3.9157467	3.6378975
2172.5	3.7380846	0.11839494	3.9701386	3.5060305
2175.0	3.5854434	0.11642664	3.8136396	3.3572472
2177.5	3.4432135	0.11218613	3.6630983	3.2233287
2180.0	3.4324376	0.11597667	3.6597519	3.2051234
2182.5	3.3963708	0.058603835	3.5112343	3.2815073
2185.0	3.5095026	0.14824566	3.8000641	3.2189411
2187.5	3.4102773	0.26879778	3.937121	2.8834336
2190.0	3.6129137	0.12369931	3.8553644	3.3704631
2192.5	3.695798	0.19006489	4.0683252	3.3232708
2195.0	3.6606948	0.14134316	3.9377274	3.3836623
2197.5	3.8201346	0.091451067	3.9993787	3.6408905
2200.0	3.8646112	0.14425904	4.1473589	3.5818635
2202.5	3.8705949	0.11942758	4.104673	3.6365169
2205.0	3.7778728	0.12904316	4.0307974	3.5249482
2207.5	3.6746137	0.12628502	3.9221324	3.4270951
2210.0	3.6138486	0.091334307	3.7928639	3.4348334
2212.5	3.4603539	0.11912283	3.6938347	3.2268732
2215.0	3.5881657	0.16230009	3.9062739	3.2700576
2217.5	3.5933681	0.1235029	3.8354338	3.3513024
2220.0	3.4775426	0.17841458	3.8272352	3.1278501
2222.5	3.415391	0.11765524	3.6459953	3.1847867
2225.0	3.337536	0.20890532	3.7469905	2.9280816
2227.5	3.3747879	0.19778039	3.7624374	2.9871383
2230.0	3.4365204	0.10640753	3.6450791	3.2279616
2232.5	3.4731677	0.24329952	3.9500348	2.9963007
2235.0	3.6126282	0.25536938	4.1131522	3.1121042
2237.5	3.7436419	0.28563253	4.3034816	3.1838021
2240.0	3.9741253	0.18027207	4.3274586	3.6207921
2242.5	3.8856103	0.2362831	4.3487251	3.4224954
2245.0	3.8446443	0.20062669	4.2378726	3.451416
2247.5	3.7896744	0.17596507	4.134566	3.4447829
2250.0	3.7267127	0.12603668	3.9737446	3.4796808
2252.5	3.6472112	0.20007901	4.039366	3.2550563
2255.0	3.3628309	0.18982209	3.7348822	2.9907796
2257.5	3.347017	0.14580575	3.6327963	3.0612378
2260.0	3.1431519	0.16519209	3.4669284	2.8193754
2262.5	3.2384446	0.13515668	3.5033517	2.9735375
2265.0	3.3101151	0.12779175	3.560587	3.0596433
2267.5	3.3854633	0.078776674	3.5398656	3.231061
2270.0	3.5955304	0.096622789	3.7849111	3.4061498
2272.5	3.6056402	0.34972393	4.2910991	2.9201813
2275.0	3.9799444	0.1479762	4.2699777	3.689911
2277.5	3.915195	0.30983056	4.5224628	3.3079271
2280.0	3.9388161	0.11967167	4.1733726	3.7042596
2282.5	3.9234983	0.098182805	4.1159366	3.73106
2285.0	3.8518014	0.079872042	4.0083506	3.6952522
2287.5	3.6805321	0.11128851	3.8986575	3.4624066
2290.0	3.5523834	0.16822911	3.8821125	3.2226544
2292.5	3.4530615	0.084247612	3.6181868	3.2879362
2295.0	3.3588706	0.12495854	3.6037893	3.1139518
2297.5	3.3344611	0.20364629	3.7336078	2.9353144
2300.0	3.3024479	0.25133148	3.7950576	2.8098382
2302.5	3.4022544	0.094092078	3.5866748	3.2178339
2305.0	3.5479008	0.12969498	3.802103	3.2936986
2307.5	3.4619106	0.28571289	4.0219078	2.9019133
2310.0	3.6784078	0.1690089	4.0096653	3.3471504
2312.5	3.6449278	0.26195953	4.1583684	3.1314871
2315.0	3.7466725	0.089095426	3.9212996	3.5720455
2317.5	3.7570926	0.12196485	3.9961437	3.5180415
2320.0	3.8054187	0.2599388	4.3148987	3.2959386
2322.5	3.6891112	0.14399632	3.9713439	3.4068784
2325.0	3.4843734	0.11762538	3.7149192	3.2538277
2327.5	3.6991856	0.29740158	4.2820927	3.1162785
2330.0	3.6256811	0.19769729	4.0131678	3.2381944
2332.5	3.6241602	0.15429835	3.9265849	3.3217354
2335.0	3.5321758	0.13177295	3.7904507	3.2739008
2337.5	3.3702734	0.075100411	3.5174702	3.2230766
2340.0	3.2391079	0.18994429	3.6113987	2.8668171
2342.5	3.2771639	0.0941425	3.4616832	3.0926446
2345.0	3.2212858	0.11686666	3.4503444	2.9922271
2347.5	3.2953291	0.18173361	3.6515269	2.9391312
2350.0	3.5154383	0.21910238	3.944879	3.0859977
2352.5	3.6909775	0.23757622	4.1566269	3.2253281
2355.0	3.889944	0.16178625	4.207045	3.5728429
2357.5	3.9348722	0.1371839	4.2037526	3.6659917
2360.0	3.8113135	0.29183696	4.383314	3.2393131
2362.5	3.8128445	0.17339454	4.1526978	3.4729912
2365.0	3.7006707	0.16485383	4.0237843	3.3775572
2367.5	3.791406	0.1552741	4.0957432	3.4870687
2370.0	3.7595907	0.24519522	4.2401733	3.279008
2372.5	3.5864922	0.11889548	3.8195273	3.3534571
2375.0	3.4341458	0.20339574	3.8328014	3.0354901
2377.5	3.3743727	0.15626186	3.6806459	3.0680994
2380.0	3.3094263	0.16541411	3.6336379	2.9852146
2382.5	3.2018058	0.46107429	4.1055114	2.2981002
2385.0	3.3024009	0.2053774	3.7049406	2.8998612
2387.5	3.316195	0.20602107	3.7199963	2.9123937
2390.0	3.5716046	0.20251427	3.9685326	3.1746766
2392.5	3.39304	0.37074998	4.11971	2.6663701
2395.0	3.4792511	0.26114237	3.9910901	2.967412
2397.5	3.6068854	0.16966151	3.9394219	3.2743488
2400.0	3.5571718	0.22561575	3.9993787	3.1149649
2402.5	3.6757151	0.19145228	4.0509616	3.3004687
2405.0	3.5926927	0.18394923	3.9532332	3.2321522
2407.5	3.4869706	0.15834954	3.7973356	3.1766055
2410.0	3.2963004	0.20576537	3.6996005	2.8930003
2412.5	3.3431242	0.11821709	3.5748297	3.1114187
2415.0	3.3873962	0.089512623	3.562841	3.2119515
2417.5	3.2672311	0.32545832	3.9051294	2.6293327
2420.0	3.4403198	0.10166367	3.6395806	3.241059
2422.5	3.5401237	0.1533045	3.8406005	3.2396469
2425.0	3.6921692	0.27110712	4.2235391	3.1607992
2427.5	3.817013	0.30331732	4.411515	3.2225111
2430.0	4.0843225	0.15589035	4.3898676	3.7787775
2432.5	4.2807552	0.1007447	4.4782148	4.0832956
2435.0	3.9903908	0.24817016	4.4768043	3.5039772
2437.5	4.125447	0.10430233	4.3298796	3.9210144
2440.0	3.8038596	0.44146497	4.669131	2.9385883
2442.5	4.0387856	0.11783021	4.2697328	3.8078384
2445.0	4.0268225	0.18673572	4.3928245	3.6608205
2447.5	3.8783069	0.23558445	4.3400524	3.4165613
2450.0	3.8055876	0.18252574	4.1633381	3.4478372
2452.5	3.7304437	0.1263449	3.9780797	3.4828077
2455.0	3.5557156	0.15499303	3.8595019	3.2519293
2457.5	3.4659441	0.16343665	3.7862799	3.1456083
2460.0	3.3576461	0.18399797	3.7182821	2.99701
2462.5	3.3664911	0.10937042	3.5808571	3.1521251
2465.0	3.3223526	0.2392384	3.7912599	2.8534453
2467.5	3.3325711	0.09054758	3.5100444	3.1550979
2470.0	3.2949294	0.75822215	4.7810448	1.808814
2472.5	3.5517383	0.35589928	4.2493009	2.8541757
2475.0	3.4854819	0.13838163	3.7567099	3.2142539
2477.5	3.6733038	0.17693385	4.0200941	3.3265134
2480.0	3.8903468	0.13148993	4.148067	3.6326265
2482.5	4.0425132	0.22792338	4.489243	3.5957834
2485.0	4.0139734	0.34903486	4.6980818	3.3298651
2487.5	4.1619861	0.18364336	4.5219271	3.8020451
2490.0	3.9487309	0.16863246	4.2792505	3.6182112
2492.5	3.6514839	0.33850842	4.3149604	2.9880074
2495.0	3.6692212	0.13137412	3.9267145	3.411728
2497.5	3.4818692	0.10598241	3.6895947	3.2741436
2500.0	3.3361462	0.27913555	3.8832519	2.7890405
2502.5	3.3749861	0.27219441	3.9084871	2.841485
2505.0	3.4477925	0.10318268	3.6500306	3.2455545
2507.5	3.5235583	0.14716545	3.8120026	3.235114
2510.0	3.7230292	0.10273053	3.9243811	3.5216774
2512.5	3.5194783	0.26379156	4.0365098	3.0024468
2515.0	3.9405924	0.2449509	4.4206962	3.4604887
2517.5	4.1634908	0.22039458	4.5954642	3.7315175
2520.0	4.2600103	0.14425318	4.5427465	3.977274
2522.5	4.1789782	0.18367281	4.5389769	3.8189795
2525.0	4.1866517	0.081189583	4.3457833	4.0275202
2527.5	4.1158963	0.15554346	4.4207615	3.8110311
2530.0	3.9759531	0.19006547	4.3484814	3.6034248
2532.5	3.996771	0.096165032	4.1852545	3.8082876
2535.0	3.8431374	0.25329637	4.3395983	3.3466765
2537.5	3.7174071	0.14943787	4.0103053	3.4245089
2540.0	3.5874723	0.26351333	4.1039585	3.0709862
2542.5	3.3705508	0.1101762	3.5864962	3.1546054
2545.0	3.3101417	0.18162329	3.6661233	2.95416
2547.5	3.2496604	0.39749414	4.0287489	2.4705719
2550.0	3.1888925	0.071331328	3.3287019	3.0490831
2552.5	3.1875749	0.14398817	3.4697918	2.9053581
2555.0	3.3325875	0.16366224	3.6533655	3.0118095
2557.5	3.4295617	0.41700163	4.2468849	2.6122386
2560.0	3.5584488	0.19293386	3.9365991	3.1802984
2562.5	3.5614786	0.14876106	3.8530503	3.2699069
2565.0	3.6039824	0.072427012	3.7459394	3.4620255
2567.5	3.4467204	0.22200192	3.8818442	3.0115967
2570.0	3.5146994	0.072926971	3.6576363	3.3717626
2572.5	3.4880157	0.12957476	3.7419822	3.2340491
2575.0	3.3888374	0.21030398	3.8010332	2.9766416
2577.5	3.2364291	0.25869096	3.7434634	2.7293948
2580.0	3.3558985	0.29088347	3.9260301	2.7857669
2582.5	3.2368628	0.1309164	3.4934589	2.9802666
2585.0	3.3050524	0.10519645	3.5112374	3.0988673
2587.5	3.2533252	0.2238876	3.6921449	2.8145055
2590.0	3.2804326	0.21016946	3.6923647	2.8685004
2592.5	3.3445184	0.12888618	3.5971353	3.0919014
2595.0	3.5210531	0.20529323	3.9234279	3.1186784
2597.5	3.6499172	0.11858045	3.8823349	3.4174995
2600.0	3.7894915	0.18824192	4.1584457	3.4205373
2602.5	3.8452279	0.20137661	4.2399261	3.4505298
2605.0	3.7935004	0.21925613	4.2232424	3.3637584
2607.5	3.8678924	0.11373151	4.0908062	3.6449787
2610.0	3.7793139	0.10099747	3.9772689	3.5813588
2612.5	3.666059	0.10053352	3.8631047	3.4690133
2615.0	3.4294488	0.18144077	3.7850727	3.0738249
2617.5	3.4826499	0.12904929	3.7355865	3.2297132
2620.0	3.3973339	0.099812208	3.5929659	3.201702
2622.5	3.2964667	0.20399772	3.6963022	2.8966312
2625.0	3.3069507	0.080103675	3.4639539	3.1499475
2627.5	3.2014301	0.21932487	3.6313068	2.7715533
2630.0	3.374917	0.14125277	3.6517725	3.0980616
2632.5	3.4849956	0.082405454	3.6465103	3.323481
2635.0	3.5081154	0.083021419	3.6708374	3.3453934
2637.5	3.6384946	0.1806932	3.9926532	3.2843359
2640.0	3.6514618	0.18826096	4.0204533	3.2824703
2642.5	3.7302979	0.11897194	3.9634829	3.4971129
2645.0	3.7798601	0.1663716	4.1059485	3.4537718
2647.5	3.7237367	0.34094911	4.391997	3.0554764
2650.0	3.494578	0.14797246	3.784604	3.204552
2652.5	3.3282218	0.17343051	3.6681455	2.988298
2655.0	3.2567458	0.10857538	3.4695535	3.043938
2657.5	3.1129168	0.18237112	3.4703642	2.7554694
2660.0	3.2833059	0.13850523	3.5547762	3.0118357
2662.5	3.2385862	0.2372635	3.7036226	2.7735497
2665.0	3.2532207	0.14470417	3.5368408	2.9696005
2667.5	3.2910794	0.17704618	3.63809	2.9440689
2670.0	3.2886358	0.18788171	3.656884	2.9203877
2672.5	3.1033077	0.67883407	4.4338225	1.7727929
2675.0	3.3319689	0.1967268	3.7175535	2.9463844
2677.5	3.4480087	0.17211559	3.7853553	3.1106622
2680.0	3.4438663	0.22506928	3.8850021	3.0027305
2682.5	3.7329824	0.13158833	3.9908955	3.4750693
2685.0	3.8318946	0.09746964	4.0229351	3.6408541
2687.5	3.8543118	0.14776619	4.1439335	3.5646901
2690.0	3.812525	0.2784099	4.3582084	3.2668416
2692.5	3.6696754	0.19324183	4.0484294	3.2909214
2695.0	3.6529432	0.12768768	3.9032111	3.4026754
2697.5	3.6513331	0.093792607	3.8351666	3.4674996
2700.0	3.6541581	0.13323707	3.9153028	3.3930135
2702.5	3.3886538	0.72338975	4.8064977	1.9708099
2705.0	3.7203973	0.15199801	4.0183134	3.4224812
2707.5	3.807263	0.13867868	4.0790733	3.5354528
2710.0	3.8149626	0.18699792	4.1814785	3.4484466
2712.5	3.7624463	0.30144899	4.3532863	3.1716063
2715.0	3.8516322	0.21422487	4.271513	3.4317515
2717.5	3.8229107	0.26946432	4.3510608	3.2947606
2720.0	3.7983579	0.18022102	4.1515911	3.4451247
2722.5	3.8082214	0.16574852	4.1330885	3.4833543
2725.0	3.7293429	0.11114608	3.9471892	3.5114966
2727.5	3.6903741	0.13290762	3.950873	3.4298752
2730.0	3.5652232	0.17879423	3.9156599	3.2147865
2732.5	3.4498786	0.21298005	3.8673195	3.0324377
2735.0	3.3846333	0.17108738	3.7199646	3.049302
2737.5	3.2141211	0.17879868	3.5645666	2.8636757
2740.0	3.1935732	0.13431863	3.4568377	2.9303087
2742.5	3.1504516	0.13239658	3.4099489	2.8909543
2745.0	3.1456069	0.11435008	3.369733	2.9214807
2747.5	3.1442896	0.29723445	3.7268691	2.5617101
2750.0	3.1412014	0.12365077	3.3835569	2.8988459
2752.5	3.1905582	0.15850171	3.5012215	2.8798948
2755.0	3.2181196	0.13730887	3.4872449	2.9489942
2757.5	3.2971814	0.10746805	3.5078188	3.0865441
2760.0	3.3914967	0.16370443	3.7123574	3.070636
2762.5	3.4572591	0.21125455	3.871318	3.0432002
2765.0	3.3617802	0.29237324	3.9348318	2.7887287
2767.5	3.2894714	0.28344033	3.8450144	2.7339284
2770.0	3.3168838	0.21915203	3.7464218	2.8873458
2772.5	3.2931886	0.14915345	3.5855293	3.0008478
2775.0	3.2650928	0.15404923	3.5670293	2.9631563
2777.5	3.2180182	0.094728862	3.4036868	3.0323496
2780.0	3.2149032	0.10112741	3.4131129	3.0166935
2782.5	3.2038588	0.15127652	3.5003607	2.9073568
2785.0	3.1923812	0.17094253	3.5274285	2.8573338
2787.5	3.2895917	0.078438867	3.4433319	3.1358516
2790.0	3.0488284	0.76563737	4.5494776	1.5481791
2792.5	3.2703622	0.22923902	3.7196707	2.8210537
2795.0	3.3889036	0.080923032	3.5475127	3.2302944
2797.5	3.4954002	0.16781928	3.824326	3.1664745
2800.0	3.6214685	0.16319704	3.9413347	3.3016023
2802.5	3.729418	0.31422158	4.3452923	3.1135437
2805.0	3.7051775	0.27901234	4.2520417	3.1583133
2807.5	3.7886664	0.13064655	4.0447336	3.5325992
2810.0	3.6820926	0.23608878	4.1448266	3.2193586
2812.5	3.6672372	0.15210497	3.9653629	3.3691114
2815.0	3.5822015	0.11205454	3.8018284	3.3625746
2817.5	3.5560938	0.11894527	3.7892265	3.3229611
2820.0	3.5274433	0.23553784	3.9890975	3.0657892
2822.5	3.3039238	0.13451237	3.5675681	3.0402796
2825.0	3.2555589	0.038442489	3.3309062	3.1802116
2827.5	3.1847693	0.17022988	3.5184199	2.8511187
2830.0	3.2188318	0.12753288	3.4687962	2.9688673
2832.5	3.2059727	0.20210119	3.602091	2.8098544
2835.0	3.2161332	0.24204773	3.6905467	2.7417196
2837.5	3.3576677	0.11693412	3.5868585	3.1284768
2840.0	3.486376	0.0923077	3.6672991	3.3054529
2842.5	3.5129542	0.14166998	3.7906273	3.235281
2845.0	3.4756322	0.097470569	3.6666745	3.2845899
2847.5	3.561551	0.32879944	4.2059979	2.9171041
2850.0	3.5497204	0.14467851	3.8332902	3.2661505
2852.5	3.5496839	0.25699042	4.0533851	3.0459827
2855.0	3.3990482	0.09835462	3.5918232	3.2062731
2857.5	3.1782417	0.205718	3.581449	2.7750344
2860.0	3.2968664	0.084638185	3.4627573	3.1309756
2862.5	3.2564893	0.080888728	3.4150312	3.0979474
2865.0	3.333071	0.18484683	3.6953708	2.9707712
2867.5	3.3559517	0.12561643	3.6021599	3.1097435
2870.0	3.3205202	0.10436736	3.5250803	3.1159602
2872.5	3.3722442	0.32835117	4.0158125	2.7286759
2875.0	3.3504356	0.29379702	3.9262778	2.7745935
2877.5	3.524436	0.1900977	3.8970275	3.1518445
2880.0	3.5605969	0.19939278	3.9514067	3.169787
2882.5	3.4129057	0.20294908	3.8106859	3.0151255
2885.0	3.5260614	0.16974471	3.858761	3.1933617
2887.5	3.44794	0.24306652	3.9243504	2.9715296
2890.0	3.4709084	0.13212269	3.7298689	3.211948
2892.5	3.2989296	0.25913637	3.8068369	2.7910224
2895.0	3.2855836	0.22694697	3.7303996	2.8407675
2897.5	3.0523392	0.6616396	4.3491528	1.7555256
2900.0	3.1910507	0.28350099	3.7467126	2.6353887
2902.5	3.2206568	0.1292623	3.4740109	2.9673027
2905.0	3.2741795	0.12954852	3.5280946	3.0202644
2907.5	3.2859064	0.13159264	3.543828	3.0279849
2910.0	3.3562103	0.10628701	3.5645329	3.1478878
2912.5	3.3636357	0.12560298	3.6098176	3.1174539
2915.0	3.4314763	0.27893017	3.9781794	2.8847731
2917.5	3.4369018	0.24288569	3.9129577	2.9608458
2920.0	3.5024541	0.14661425	3.7898181	3.2150902
2922.5	3.6002804	0.20369844	3.9995293	3.2010314
2925.0	3.5581347	0.2149445	3.9794259	3.1368435
2927.5	3.5140567	0.34424823	4.1887833	2.8393302
2930.0	3.6278985	0.087315357	3.7990366	3.4567604
2932.5	3.5678014	0.13512264	3.8326417	3.302961
2935.0	3.4120164	0.1117121	3.6309721	3.1930607
2937.5	3.2609484	0.15730599	3.5692682	2.9526287
2940.0	3.1587682	0.16400805	3.4802239	2.8373124
2942.5	3.1405291	0.17942115	3.4921946	2.7888637
2945.0	3.1139828	0.17216447	3.4514251	2.7765404
2947.5	3.0278312	0.17779251	3.3763045	2.6793579
2950.0	3.0057604	0.18608332	3.3704837	2.6410371
2952.5	3.066619	0.14936248	3.3593695	2.7738686
2955.0	3.1533641	0.20717825	3.5594335	2.7472947
2957.5	3.2375542	0.21089008	3.6508987	2.8242096
2960.0	3.1226976	0.20472628	3.5239611	2.7214341
2962.5	3.259909	0.090897417	3.4380679	3.0817501
2965.0	3.2440157	0.18852394	3.6135226	2.8745088
2967.5	3.3238282	0.075710169	3.4722202	3.1754363
2970.0	3.3944681	0.10092516	3.5922814	3.1966548
2972.5	3.4037495	0.21463118	3.8244266	2.9830724
2975.0	3.5304787	0.11336175	3.7526677	3.3082897
2977.5	3.5757878	0.19400339	3.9560344	3.1955411
2980.0	3.5561944	0.2471326	4.0405743	3.0718145
2982.5	3.4254511	0.22253676	3.8616232	2.9892791
2985.0	3.2642006	0.30693336	3.8657899	2.6626112
2987.5	3.2324201	0.15486328	3.5359522	2.9288881
2990.0	3.2727219	0.21545252	3.6950088	2.8504349
2992.5	3.2131517	0.16051188	3.527755	2.8985484
2995.0	3.2229719	0.17801579	3.5718828	2.8740609
2997.5	3.4199793	0.25927588	3.92816	2.9117985
3000.0	3.476463	0.24328753	3.9533066	2.9996194
3005.0	3.4934366	0.17273774	3.8320025	3.1548706
3010.0	3.514838	0.17916766	3.8660066	3.1636694
3015.0	3.5002664	0.14987596	3.7940233	3.2065095
3020.0	3.4077893	0.13377057	3.6699796	3.145599
3025.0	3.35577	0.15563322	3.6608111	3.0507289
3030.0	3.1856569	0.33191904	3.8362182	2.5350956
3035.0	3.1059789	0.20619636	3.5101237	2.701834
3040.0	3.2069083	0.07726299	3.3583438	3.0554728
3045.0	3.3413271	0.0850438	3.508013	3.1746413
3050.0	3.3870025	0.11993549	3.622076	3.1519289
3055.0	3.3594182	0.16246346	3.6778466	3.0409899
3060.0	3.2606256	0.22114459	3.694069	2.8271822
3065.0	3.2271112	0.30267634	3.8203568	2.6338655
3070.0	3.2304193	0.23918354	3.699219	2.7616195
3075.0	3.0938858	0.14359453	3.3753311	2.8124405
3080.0	3.02697	0.24586462	3.5088646	2.5450753
3085.0	3.0909145	0.13279748	3.3511975	2.8306314
3090.0	3.0900369	0.15309541	3.3901039	2.7899699
3095.0	3.1844051	0.1268832	3.4330962	2.935714
3100.0	3.1988432	0.14207821	3.4773165	2.9203699
3105.0	3.2327209	0.092621649	3.4142593	3.0511824
3110.0	3.1364199	0.2190521	3.565762	2.7070777
3115.0	3.1846543	0.15237994	3.483319	2.8859896
3120.0	3.2415571	0.15316482	3.5417602	2.9413541
3125.0	3.3391284	0.0606607	3.4580234	3.2202335
3130.0	3.3776425	0.10877201	3.5908356	3.1644494
3135.0	3.4657128	0.18982958	3.8377788	3.0936468
3140.0	3.513383	0.20762459	3.9203272	3.1064388
3145.0	3.4022362	0.18482043	3.7644842	3.0399882
3150.0	3.1834378	0.15766757	3.4924662	2.8744093
3155.0	2.9497905	0.27606617	3.4908801	2.4087008
3160.0	3.0033204	0.19030577	3.3763197	2.6303211
3165.0	3.0454958	0.22081653	3.4782962	2.6126953
3170.0	3.181294	0.15936366	3.4936468	2.8689413
3175.0	3.1380452	0.19825273	3.5266206	2.7494699
3180.0	3.1281926	0.20687533	3.5336683	2.722717
3185.0	3.1445342	0.19267375	3.5221747	2.7668936
3190.0	3.0991868	0.56842216	4.2132942	1.9850793
3195.0	3.2054639	0.14526787	3.4901889	2.9207388
3200.0	3.0714861	0.185321	3.4347152	2.7082569
3205.0	3.106506	0.30303558	3.7004557	2.5125562
3210.0	3.0718377	0.13441118	3.3352836	2.8083918
3215.0	3.1023301	0.08569048	3.2702835	2.9343768
3220.0	3.1176579	0.12050655	3.3538507	2.8814651
3225.0	3.1316548	0.26538425	3.6518079	2.6115017
3230.0	3.0913306	0.13900309	3.3637767	2.8188846
3235.0	3.0306567	0.20339666	3.4293142	2.6319992
3240.0	3.0618719	0.24257492	3.5373188	2.5864251
3245.0	3.0633389	0.1523755	3.3619949	2.7646829
3250.0	3.096955	0.092771483	3.2787871	2.9151229
3255.0	3.1779734	0.093170425	3.3605874	2.9953593
3260.0	3.2255003	0.096151455	3.4139571	3.0370434
3265.0	3.2200998	0.32997976	3.8668601	2.5733395
3270.0	3.2053624	0.28914432	3.7720852	2.6386395
3275.0	3.2110872	0.14516785	3.4956161	2.9265582
3280.0	3.2763985	0.10623891	3.4846268	3.0681703
3285.0	3.3450896	0.14040992	3.620293	3.0698861
3290.0	3.5253207	0.29452995	4.1025994	2.948042
3295.0	3.6396473	0.29758444	4.2229128	3.0563818
3300.0	3.6472014	0.16891105	3.9782671	3.3161358
3305.0	3.5925982	0.25379875	4.0900438	3.0951527
3310.0	3.4410322	0.1915907	3.81655	3.0655144
3315.0	3.2107079	0.19329825	3.5895724	2.8318433
3320.0	3.0136417	0.72657014	4.4377192	1.5895642
3325.0	3.1659494	0.30300584	3.7598409	2.572058
3330.0	3.1323483	0.21579494	3.5553064	2.7093902
3335.0	3.1924872	0.098137785	3.3848372	3.0001371
3340.0	3.2161093	0.13407536	3.478897	2.9533216
3345.0	3.2601804	0.18058616	3.6141292	2.9062315
3350.0	3.261984	0.18839524	3.6312387	2.8927293
3355.0	3.300732	0.078197756	3.4539996	3.1474644
3360.0	3.1993978	0.085208431	3.3664064	3.0323893
3365.0	3.124799	0.1021897	3.3250908	2.9245072
3370.0	3.0391993	0.17393008	3.3801022	2.6982963
3375.0	3.1325158	0.21469764	3.5533232	2.7117084
3380.0	3.2935295	0.22812639	3.7406572	2.8464017
3385.0	3.3092409	0.13549177	3.5748048	3.043677
3390.0	3.2290363	0.1405026	3.5044214	2.9536512
3395.0	3.1871597	0.15902824	3.4988551	2.8754644
3400.0	3.2081555	0.15517925	3.5123069	2.9040042
3405.0	3.1991734	0.090555772	3.3766627	3.0216841
3410.0	3.1412341	0.12556631	3.3873441	2.8951242
3415.0	3.0456935	0.21085538	3.45897	2.6324169
3420.0	3.0620782	0.096611461	3.2514367	2.8727197
3425.0	3.2125473	0.18026126	3.5658594	2.8592353
3430.0	3.1015702	0.085995604	3.2701216	2.9330188
3435.0	2.9626204	0.15354031	3.2635594	2.6616814
3440.0	2.9314006	0.072042289	3.0726035	2.7901977
3445.0	2.9965613	0.15268526	3.2958244	2.6972982
3450.0	3.0851425	0.077667058	3.23737	2.9329151
3455.0	3.0503844	0.18138418	3.4058974	2.6948714
3460.0	3.0926811	0.16384313	3.4138137	2.7715486
3465.0	3.157589	0.14943699	3.4504855	2.8646925
3470.0	3.0724585	0.10573616	3.2797013	2.8652156
3475.0	2.9379598	0.089404591	3.1131928	2.7627268
3480.0	2.866639	0.21187145	3.281907	2.4513709
3485.0	2.9261112	0.097552738	3.1173145	2.7349078
3490.0	2.9498858	0.19954471	3.3409935	2.5587782
3495.0	3.0635982	0.13642414	3.3309895	2.7962069
3500.0	3.0925644	0.082607115	3.2544744	2.9306545
3505.0	3.0106925	0.1400139	3.2851198	2.7362653
3510.0	2.9835712	0.11955595	3.2179008	2.7492415
3515.0	3.0092997	0.26231085	3.5234289	2.4951704
3520.0	2.9768761	0.10324247	3.1792313	2.7745208
3525.0	3.0173716	0.10101335	3.2153578	2.8193855
3530.0	3.0204391	0.10881079	3.2337082	2.8071699
3535.0	3.0585886	0.32620575	3.6979519	2.4192254
3540.0	3.0518836	0.23976356	3.5218202	2.581947
3545.0	3.1217607	0.13893793	3.394079	2.8494424
3550.0	3.0577918	0.22630202	3.5013438	2.6142398
3555.0	3.0405721	0.15911134	3.3524304	2.7287139
3560.0	3.0375962	0.08986163	3.213725	2.8614674
3565.0	2.8956407	0.16310691	3.2153303	2.5759512
3570.0	2.819035	0.38085607	3.565513	2.0725571
3575.0	2.8747947	0.13417069	3.1377692	2.6118201
3580.0	3.1097017	0.13331	3.3709893	2.8484141
3585.0	3.1279555	0.40244004	3.916738	2.339173
3590.0	3.1268603	0.12040648	3.362857	2.8908636
3595.0	2.9573848	0.18884075	3.3275127	2.5872569
3600.0	2.9092278	0.14990467	3.2030409	2.6154146
3605.0	2.8764094	0.22854861	3.3243647	2.4284541
3610.0	2.8388962	0.35921237	3.5429524	2.1348399
3615.0	2.9597534	0.14246729	3.2389893	2.6805175
3620.0	3.131591	0.25944535	3.6401039	2.6230781
3625.0	3.2006444	0.25726919	3.704892	2.6963967
3630.0	3.345462	0.24283017	3.8214091	2.8695149
3635.0	3.2367182	0.12578167	3.4832503	2.9901862
3640.0	3.0707422	0.17928291	3.4221367	2.7193477
3645.0	2.9241816	0.1292118	3.1774367	2.6709265
3650.0	3.0010835	0.091440093	3.1803061	2.8218609
3655.0	3.1206514	0.20948515	3.5312423	2.7100605
3660.0	3.2083977	0.2203958	3.6403735	2.776422
3665.0	3.301536	0.34563202	3.9789748	2.6240972
3670.0	3.2975978	0.38639837	4.0549387	2.540257
3675.0	3.252646	0.12909746	3.505677	2.999615
3680.0	3.0362354	0.1733959	3.3760914	2.6963795
3685.0	2.9696476	0.069241883	3.1053617	2.8339335
3690.0	2.90279	0.10062596	3.1000169	2.7055632
3695.0	2.921475	0.099908456	3.1172955	2.7256544
3700.0	2.982245	0.11743123	3.2124102	2.7520798
3705.0	3.1772841	0.07873322	3.3316013	3.022967
3710.0	3.1963966	0.12921454	3.4496571	2.9431361
3715.0	3.1150563	0.23051032	3.5668565	2.6632561
3720.0	2.8838383	0.11911363	3.117301	2.6503756
3725.0	2.9910996	0.55861864	4.0859922	1.8962071
3730.0	2.9474257	0.10138759	3.1461454	2.748706
3735.0	2.9776201	0.127642	3.2277984	2.7274418
3740.0	3.0659879	0.13200883	3.3247252	2.8072506
3745.0	3.1662746	0.16092575	3.481689	2.8508601
3750.0	3.110367	0.19991453	3.5021995	2.7185345
3755.0	2.9901324	0.12325194	3.2317062	2.7485586
3760.0	2.9041155	0.059960054	3.0216372	2.7865938
3765.0	2.8300889	0.57999502	3.9668792	1.6932987
3770.0	2.9245045	0.08613796	3.0933349	2.7556741
3775.0	2.9754031	0.14993918	3.2692839	2.6815223
3780.0	2.8782186	0.1364383	3.1456377	2.6107995
3785.0	2.9724277	0.15860786	3.2832991	2.6615562
3790.0	3.0608335	0.13464642	3.3247404	2.7969265
3795.0	3.151488	0.25105218	3.6435502	2.6594257
3800.0	2.9823832	0.0878688	3.154606	2.8101603
3805.0	3.0697401	0.107977	3.281375	2.8581051
3810.0	2.9896892	0.093406626	3.1727662	2.8066122
3815.0	2.9669084	0.1009513	3.164773	2.7690439
3820.0	3.0260243	0.24549481	3.5071941	2.5448545
3825.0	3.0649095	0.19798921	3.4529684	2.6768507
3830.0	3.1296764	0.23264111	3.585653	2.6736998
3835.0	2.9942071	0.14661373	3.28157	2.7068442
3840.0	2.8335932	0.1188248	3.0664898	2.6006966
3845.0	2.9309808	0.2061809	3.3350953	2.5268662
3850.0	2.9533819	0.1661357	3.2790079	2.6277559
3855.0	2.9192502	0.14892971	3.2111524	2.627348
3860.0	2.8787916	0.18694452	3.2452028	2.5123803
3865.0	3.0591853	0.11139444	3.2775184	2.8408522
3870.0	3.213407	0.18541389	3.5768182	2.8499958
3875.0	3.2462217	0.13864895	3.5179736	2.9744698
3880.0	3.0221194	0.10738856	3.232601	2.8116378
3885.0	2.9329597	0.11217204	3.1528169	2.7131025
3890.0	2.8284986	0.13828744	3.0995419	2.5574552
3895.0	3.0211211	0.18816746	3.3899293	2.6523129
3900.0	2.9703651	0.12676164	3.2188179	2.7219123
3905.0	2.9104499	0.10265806	3.1116597	2.7092401
3910.0	2.9285684	0.10235363	3.1291815	2.7279552
3915.0	2.9936888	0.15863383	3.3046111	2.6827665
3920.0	3.1478023	0.17284776	3.4865839	2.8090207
3925.0	3.0257023	0.14723732	3.3142875	2.7371172
3930.0	2.8945904	0.077047171	3.0456028	2.7435779
3935.0	2.8443996	0.13834488	3.1155555	2.5732436
3940.0	3.0536967	0.31033056	3.6619446	2.4454488
3945.0	2.9632079	0.11346024	3.18559	2.7408258
3950.0	2.9744426	0.1010057	3.1724138	2.7764715
3955.0	2.8609676	0.11094137	3.0784127	2.6435225
3960.0	2.9004215	0.090294375	3.0773985	2.7234445
3965.0	2.9364613	0.080270227	3.093791	2.7791317
3970.0	2.9642889	0.16122125	3.2802826	2.6482953
3975.0	3.0109861	0.0913041	3.1899422	2.8320301
3980.0	3.0288736	0.069411088	3.1649194	2.8928279
3985.0	3.0798217	0.13948782	3.3532178	2.8064256
3990.0	3.1695352	0.10157238	3.3686171	2.9704533
3995.0	3.2742006	0.21635923	3.6982647	2.8501365
4000.0	3.1768651	0.19454579	3.5581748	2.7955553
4005.0	3.0913033	0.1694904	3.4235044	2.7591021
4010.0	3.0663944	0.12861105	3.318472	2.8143167
4015.0	2.9547852	0.10953068	3.1694653	2.7401051
4020.0	3.0544511	0.26284099	3.5696194	2.5392827
4025.0	2.9402753	0.079989051	3.0970538	2.7834967
4030.0	2.9820102	0.2820153	3.5347602	2.4292602
4035.0	3.1949334	0.38953275	3.9584176	2.4314492
4040.0	3.2594275	0.40647158	4.0561118	2.4627432
4045.0	3.253085	0.45316823	4.1412947	2.3648753
4050.0	3.0610016	0.20447411	3.4617708	2.6602323
4055.0	3.1307533	0.24535451	3.6116481	2.6498585
4060.0	3.0890668	0.12899306	3.3418932	2.8362404
4065.0	3.1317586	0.16825962	3.4615474	2.8019697
4070.0	3.0492896	0.1110996	3.2670448	2.8315343
4075.0	3.0456674	0.14559864	3.3310407	2.7602941
4080.0	3.0072109	0.18400953	3.3678696	2.6465522
4085.0	2.994044	0.17622758	3.3394501	2.648638
4090.0	2.9163098	0.21644383	3.3405397	2.4920799
4095.0	2.9298033	0.099067852	3.1239763	2.7356304
4100.0	2.9015675	0.12931257	3.1550201	2.6481148
4105.0	2.8965236	0.13224375	3.1557213	2.6373258
4110.0	2.9295007	0.064691516	3.0562961	2.8027054
4115.0	2.9846648	0.065547892	3.1131387	2.8561909
4120.0	3.0368465	0.11998626	3.2720196	2.8016735
4125.0	3.0288893	0.10814757	3.2408585	2.8169201
4130.0	2.9167184	0.12883243	3.16923	2.6642069
4135.0	2.8972377	0.11194845	3.1166567	2.6778188
4140.0	2.9330827	0.098955488	3.1270355	2.7391299
4145.0	2.9061117	0.11266105	3.1269274	2.685296
4150.0	3.0277281	0.14850167	3.3187914	2.7366648
4155.0	3.0882647	0.14512965	3.3727188	2.8038106
4160.0	3.0196852	0.10105479	3.2177526	2.8216178
4165.0	3.0439563	0.091725734	3.2237387	2.8641739
4170.0	3.0084703	0.16153226	3.3250736	2.6918671
4175.0	2.9623666	0.11542301	3.1885957	2.7361375
4180.0	2.8844685	0.096083459	3.0727921	2.6961449
4185.0	2.8827154	0.091530879	3.0621159	2.7033149
4190.0	2.8983131	0.087218509	3.0692614	2.7273649
4195.0	2.9454476	0.099376044	3.1402246	2.7506706
4200.0	2.9858455	0.12269598	3.2263296	2.7453614
4205.0	3.020125	0.12590662	3.266902	2.773348
4210.0	3.0149093	0.19278717	3.3927721	2.6370464
4215.0	2.9550245	0.16482332	3.2780782	2.6319708
4220.0	2.927806	0.12995874	3.1825252	2.6730869
4225.0	2.9060278	0.11034296	3.1223	2.6897556
4230.0	2.9383072	0.090445533	3.1155804	2.7610339
4235.0	2.9847615	0.10692618	3.1943368	2.7751862
4240.0	2.9304	0.12186692	3.1692592	2.6915408
4245.0	2.934973	0.15041744	3.2297912	2.6401548
4250.0	3.0756307	0.1015198	3.2746095	2.8766519
4255.0	3.1451473	0.21881723	3.5740291	2.7162656
4260.0	3.009343	0.097151085	3.1997591	2.8189269
4265.0	2.9790866	0.18046934	3.3328065	2.6253667
4270.0	2.8733185	0.11974804	3.1080247	2.6386124
4275.0	2.9293833	0.21265751	3.3461921	2.5125746
4280.0	2.9335088	0.12004644	3.1687999	2.6982178
4285.0	2.9319336	0.11118362	3.1498535	2.7140138
4290.0	2.966053	0.10110127	3.1642115	2.7678945
4295.0	3.0144617	0.1866461	3.380288	2.6486353
4300.0	2.9926927	0.13935986	3.2658381	2.7195474
4305.0	2.9081205	0.14162692	3.1857093	2.6305317
4310.0	2.8656878	0.11674126	3.0945007	2.6368749
4315.0	2.829004	0.13520712	3.09401	2.5639981
4320.0	2.9393978	0.14668338	3.2268972	2.6518984
4325.0	2.9648177	0.22964123	3.4149145	2.5147209
4330.0	2.9163898	0.079535009	3.0722784	2.7605012
4335.0	2.8909256	0.09729025	3.0816145	2.7002367
4340.0	2.8589027	0.58143043	3.9985063	1.719299
4345.0	2.9766746	0.10455307	3.1815986	2.7717506
4350.0	3.0537975	0.11931217	3.2876494	2.8199457
4355.0	2.9944817	0.044615102	3.0819273	2.9070361
4360.0	3.0330722	0.20171886	3.4284412	2.6377032
4365.0	3.113373	0.36599394	3.8307211	2.3960249
4370.0	2.9771262	0.15366913	3.2783177	2.6759347
4375.0	2.9388211	0.063610988	3.0634986	2.8141436
4380.0	3.0728176	0.18406977	3.4335944	2.7120409
4385.0	2.9632134	0.06721935	3.0949633	2.8314634
4390.0	3.0150131	0.11483432	3.2400884	2.7899379
4395.0	2.9359801	0.060751298	3.0550527	2.8169076
4400.0	2.9272343	0.11561998	3.1538494	2.7006191
4405.0	2.9552926	0.18198281	3.3119789	2.5986063
4410.0	3.0069058	0.087031819	3.1774882	2.8363234
4415.0	3.1039284	0.25355106	3.6008885	2.6069684
4420.0	3.0515617	0.26321322	3.5674596	2.5356638
4425.0	2.9660287	0.10622622	3.1742321	2.7578253
4430.0	3.0042648	0.14850371	3.2953321	2.7131975
4435.0	3.0956291	0.11127151	3.3137212	2.8775369
4440.0	3.0075236	0.13029389	3.2628997	2.7521476
4445.0	2.9675229	0.18154804	3.3233571	2.6116888
4450.0	3.0496479	0.2322421	3.5048425	2.5944534
4455.0	2.9414196	0.19463927	3.3229125	2.5599266
4460.0	2.9048274	0.11572546	3.1316493	2.6780055
4465.0	2.9108339	0.08572529	3.0788555	2.7428123
4470.0	2.9441688	0.09232616	3.1251281	2.7632095
4475.0	2.9718122	0.12397565	3.2148044	2.7288199
4480.0	2.9815624	0.18306118	3.3403624	2.6227625
4485.0	2.9927751	0.36036609	3.6990926	2.2864575
4490.0	3.1154542	0.23167162	3.5695306	2.6613778
4495.0	3.0739677	0.099564869	3.2691149	2.8788206
4500.0	3.1888824	0.1804091	3.5424843	2.8352806
4505.0	3.1810309	0.18524797	3.5441169	2.8179449
4510.0	2.9605911	0.087073819	3.1312558	2.7899264
4515.0	3.0916192	0.1871974	3.4585261	2.7247123
4520.0	2.9248305	0.093647963	3.1083806	2.7412805
4525.0	3.0341844	0.079911467	3.1908108	2.8775579
4530.0	3.1322337	0.10659088	3.3411518	2.9233155
4535.0	3.1135519	0.096958145	3.3035899	2.923514
4540.0	2.9824702	0.16713447	3.3100538	2.6548866
4545.0	2.9620631	0.049158875	3.0584145	2.8657117
4550.0	2.9919847	0.17148426	3.3280938	2.6558755
4555.0	2.987717	0.25641567	3.4902917	2.4851422
4560.0	3.0295459	0.18412679	3.3904344	2.6686574
4565.0	3.0669329	0.18791542	3.4352472	2.6986187
4570.0	3.1415142	0.10801032	3.3532144	2.929814
4575.0	3.1490426	0.10819713	3.361109	2.9369763
4580.0	3.0949018	0.12341254	3.3367904	2.8530132
4585.0	3.0066087	0.075583	3.1547514	2.858466
4590.0	3.0212095	0.075090043	3.168386	2.874033
4595.0	3.038617	0.1716354	3.3750224	2.7022117
4600.0	2.9732218	0.084422398	3.1386897	2.8077539
4605.0	3.0312708	0.12505866	3.2763858	2.7861558
4610.0	3.1279493	0.14436689	3.4109084	2.8449902
4615.0	3.2218543	0.16378295	3.5428689	2.9008397
4620.0	3.1007577	0.12128476	3.3384758	2.8630396
4625.0	2.9926462	0.21205319	3.4082705	2.577022
4630.0	3.0470134	0.1412834	3.3239289	2.770098
4635.0	2.9785508	0.56494027	4.0858337	1.8712679
4640.0	2.9901074	0.11196292	3.2095547	2.7706601
4645.0	2.9484807	0.098544547	3.141628	2.7553334
4650.0	3.0686035	0.19119986	3.4433552	2.6938518
4655.0	3.1066766	0.12671179	3.3550317	2.8583215
4660.0	2.9943455	0.077895894	3.1470214	2.8416695
4665.0	3.0027271	0.18851838	3.3722232	2.6332311
4670.0	2.9842945	0.1208382	3.2211374	2.7474517
4675.0	2.9569177	0.20509461	3.3589032	2.5549323
4680.0	3.1035973	0.16527038	3.4275272	2.7796674
4685.0	3.190555	0.15122976	3.4869654	2.8941447
4690.0	3.171805	0.13999338	3.446192	2.8974179
4695.0	3.111814	0.13501703	3.3764474	2.8471807
4700.0	2.9515513	0.15875125	3.2627037	2.6403989
4705.0	3.0110453	0.11521913	3.2368748	2.7852158
4710.0	3.0352793	0.094211332	3.2199335	2.8506251
4715.0	2.9714504	0.1357333	3.2374876	2.7054131
4720.0	3.0131406	0.17902788	3.3640352	2.6622459
4725.0	3.1846422	0.14861701	3.4759315	2.8933528
4730.0	3.1715794	0.22272858	3.6081274	2.7350314
4735.0	3.1875882	0.22540898	3.6293898	2.7457866
4740.0	3.1075594	0.2242656	3.54712	2.6679988
4745.0	3.0178976	0.053440174	3.1226404	2.9131549
4750.0	2.972666	0.12982829	3.2271295	2.7182026
4755.0	2.9697186	0.094397883	3.1547384	2.7846987
4760.0	2.9281782	0.19354554	3.3075275	2.5488289
4765.0	3.0441931	0.11345786	3.2665705	2.8218157
4770.0	3.1928777	0.078469015	3.346677	3.0390784
4775.0	3.2233339	0.1554485	3.528013	2.9186549
4780.0	3.1661028	0.15547866	3.4708409	2.8613646
4785.0	3.1191305	0.2762696	3.6606189	2.5776421
4790.0	2.9725832	0.11813795	3.2041336	2.7410328
4795.0	3.0061408	0.10563758	3.2131905	2.7990912
4800.0	2.9568459	0.12190371	3.1957772	2.7179146
4805.0	3.0118145	0.14358191	3.2932351	2.730394
4810.0	3.1531371	0.24473936	3.6328263	2.673448
4815.0	3.1540464	0.12541382	3.3998575	2.9082354
4820.0	3.0505575	0.080111117	3.2075753	2.8935397
4825.0	2.9872584	0.18336402	3.3466519	2.6278649
4830.0	3.0318602	0.20177273	3.4273347	2.6363856
4835.0	3.0694895	0.22483063	3.5101575	2.6288214
4840.0	3.1504575	0.25544541	3.6511305	2.6497845
4845.0	3.2786441	0.18699405	3.6451525	2.9121358
4850.0	3.2307406	0.16543626	3.5549957	2.9064855
4855.0	3.0815849	0.23602471	3.5441933	2.6189764
4860.0	3.0548548	0.14785058	3.3446419	2.7650677
4865.0	2.9531876	0.14163754	3.2307972	2.675578
4870.0	2.9419514	0.096293439	3.1306865	2.7532162
4875.0	2.8982983	0.22315002	3.3356723	2.4609243
4880.0	2.9803119	0.0862567	3.1493751	2.8112488
4885.0	3.0856124	0.14817281	3.3760311	2.7951937
4890.0	3.3055662	0.22250297	3.7416721	2.8694604
4895.0	3.3513099	0.24284601	3.827288	2.8753317
4900.0	3.2296974	0.17416685	3.5710644	2.8883304
4905.0	3.1556599	0.16053358	3.4703057	2.8410141
4910.0	2.9767413	0.1056082	3.1837334	2.7697492
4915.0	2.8757745	0.2603154	3.3859927	2.3655564
4920.0	3.0045623	0.12517782	3.2499108	2.7592138
4925.0	2.982942	0.16631939	3.3089281	2.656956
4930.0	2.9805163	0.17989478	3.33311	2.6279225
4935.0	3.0632058	0.13210465	3.322131	2.8042807
4940.0	3.1288705	0.077453716	3.2806798	2.9770612
4945.0	3.1183205	0.15084554	3.4139778	2.8226633
4950.0	2.9586406	0.082229063	3.1198096	2.7974716
4955.0	2.9164925	0.21282762	3.3336347	2.4993504
4960.0	2.9834681	0.11964894	3.21798	2.7489561
4965.0	2.9203459	0.18090886	3.2749273	2.5657646
4970.0	2.9255633	0.16202549	3.2431332	2.6079933
4975.0	2.8569687	0.10830525	3.069247	2.6446904
4980.0	2.9512977	0.16238188	3.2695662	2.6330292
4985.0	2.9494973	0.1104516	3.1659825	2.7330122
4990.0	2.8279493	0.15257406	3.1269944	2.5289041
4995.0	2.9198803	0.098487291	3.1129154	2.7268452
5000.0	2.9642395	0.14610937	3.2506138	2.6778651
