Time	2.5%	5%	25%	50%	75%	95%	97.5%
1.0	-1.48	-1.24	-0.63	-0.17	0.20	0.81	1.01
2.0	-1.19	-1.01	-0.44	-0.09	0.28	0.79	0.97
3.0	-1.01	-0.82	-0.31	0.03	0.37	0.89	1.04
4.0	-0.90	-0.75	-0.26	0.08	0.43	0.87	1.00
5.0	-0.85	-0.69	-0.16	0.13	0.46	0.95	1.10
6.0	-1.05	-0.84	-0.24	0.14	0.51	1.11	1.38
7.0	-1.19	-0.94	-0.32	0.06	0.47	1.03	1.24
8.0	-1.31	-1.08	-0.47	-0.06	0.31	0.94	1.16
9.0	-1.71	-1.38	-0.74	-0.34	0.07	0.66	0.85
10.0	-2.18	-1.95	-1.20	-0.74	-0.29	0.37	0.63
11.0	-2.93	-2.61	-1.85	-1.33	-0.83	-0.08	0.18
12.0	-3.59	-3.31	-2.52	-2.00	-1.51	-0.80	-0.56
13.0	-4.49	-4.15	-3.28	-2.71	-2.20	-1.45	-1.24
14.0	-5.27	-4.88	-4.00	-3.44	-2.91	-2.18	-1.92
15.0	-6.01	-5.70	-4.72	-4.12	-3.55	-2.78	-2.53
16.0	-6.65	-6.31	-5.36	-4.70	-4.11	-3.22	-2.93
17.0	-7.37	-7.00	-5.95	-5.27	-4.63	-3.78	-3.51
18.0	-7.94	-7.52	-6.36	-5.67	-5.01	-4.14	-3.84
19.0	-8.19	-7.75	-6.63	-5.93	-5.24	-4.33	-4.09
20.0	-8.41	-8.01	-6.86	-6.14	-5.47	-4.56	-4.31
21.0	-8.57	-8.13	-6.98	-6.26	-5.57	-4.66	-4.40
22.0	-8.43	-8.09	-7.00	-6.28	-5.59	-4.71	-4.43
23.0	-8.51	-8.11	-6.98	-6.25	-5.61	-4.70	-4.40
24.0	-8.36	-8.03	-6.93	-6.23	-5.60	-4.68	-4.38
25.0	-8.23	-7.88	-6.81	-6.12	-5.45	-4.54	-4.26
26.0	-8.05	-7.71	-6.68	-5.97	-5.30	-4.36	-4.06
27.0	-8.11	-7.69	-6.63	-5.94	-5.28	-4.39	-4.08
28.0	-7.96	-7.62	-6.60	-5.89	-5.25	-4.38	-4.12
29.0	-7.99	-7.63	-6.59	-5.92	-5.28	-4.39	-4.15
30.0	-7.92	-7.54	-6.51	-5.83	-5.17	-4.26	-3.99
31.0	-7.79	-7.42	-6.41	-5.74	-5.12	-4.26	-3.98
32.0	-7.67	-7.28	-6.28	-5.63	-5.05	-4.25	-4.01
33.0	-7.53	-7.24	-6.23	-5.58	-4.96	-4.16	-3.92
34.0	-7.50	-7.22	-6.25	-5.56	-4.98	-4.14	-3.92
35.0	-7.61	-7.19	-6.20	-5.58	-4.98	-4.17	-3.92
36.0	-7.57	-7.21	-6.23	-5.59	-4.98	-4.19	-3.96
37.0	-7.64	-7.25	-6.27	-5.62	-5.02	-4.20	-3.95
38.0	-7.72	-7.35	-6.35	-5.72	-5.11	-4.27	-4.01
39.0	-7.85	-7.47	-6.41	-5.75	-5.16	-4.32	-4.11
40.0	-7.74	-7.37	-6.46	-5.81	-5.16	-4.40	-4.15
41.0	-7.75	-7.40	-6.44	-5.80	-5.18	-4.37	-4.12
42.0	-7.77	-7.43	-6.36	-5.73	-5.12	-4.31	-4.05
43.0	-7.60	-7.27	-6.26	-5.63	-5.01	-4.20	-3.95
44.0	-7.40	-7.05	-6.03	-5.43	-4.84	-4.08	-3.83
45.0	-7.23	-6.87	-5.96	-5.35	-4.77	-3.97	-3.71
46.0	-7.08	-6.81	-5.88	-5.28	-4.72	-3.97	-3.73
47.0	-7.16	-6.84	-5.93	-5.30	-4.76	-4.02	-3.79
48.0	-7.17	-6.83	-5.91	-5.30	-4.73	-3.99	-3.73
49.0	-7.14	-6.79	-5.81	-5.21	-4.67	-3.91	-3.68
50.0	-6.84	-6.54	-5.66	-5.11	-4.53	-3.80	-3.58
51.0	-6.78	-6.46	-5.51	-4.95	-4.40	-3.68	-3.50
52.0	-6.74	-6.35	-5.40	-4.83	-4.29	-3.57	-3.32
53.0	-6.70	-6.34	-5.41	-4.80	-4.26	-3.54	-3.27
54.0	-6.63	-6.29	-5.38	-4.80	-4.22	-3.46	-3.21
55.0	-6.82	-6.48	-5.49	-4.88	-4.31	-3.52	-3.28
56.0	-6.93	-6.55	-5.57	-4.92	-4.36	-3.58	-3.33
57.0	-6.89	-6.65	-5.69	-5.08	-4.48	-3.70	-3.45
58.0	-7.26	-6.88	-5.85	-5.21	-4.63	-3.85	-3.59
59.0	-7.43	-7.13	-6.07	-5.46	-4.83	-3.96	-3.69
60.0	-7.68	-7.32	-6.31	-5.65	-5.01	-4.17	-3.91
61.0	-7.94	-7.58	-6.47	-5.80	-5.17	-4.34	-4.02
62.0	-8.06	-7.69	-6.60	-5.89	-5.24	-4.41	-4.14
63.0	-8.17	-7.75	-6.68	-6.01	-5.36	-4.47	-4.21
64.0	-8.35	-7.93	-6.78	-6.06	-5.44	-4.56	-4.29
65.0	-8.37	-7.90	-6.84	-6.12	-5.46	-4.62	-4.32
66.0	-8.18	-7.76	-6.68	-5.99	-5.34	-4.50	-4.22
67.0	-8.07	-7.60	-6.48	-5.82	-5.15	-4.34	-4.09
68.0	-7.67	-7.31	-6.25	-5.59	-4.96	-4.12	-3.87
69.0	-7.52	-7.08	-5.99	-5.34	-4.71	-3.88	-3.62
70.0	-7.14	-6.73	-5.68	-5.03	-4.44	-3.64	-3.42
71.0	-6.56	-6.21	-5.23	-4.61	-4.05	-3.32	-3.11
72.0	-6.12	-5.83	-4.89	-4.31	-3.77	-3.03	-2.80
73.0	-5.90	-5.56	-4.60	-4.01	-3.49	-2.74	-2.56
74.0	-5.46	-5.16	-4.26	-3.70	-3.16	-2.47	-2.24
75.0	-4.98	-4.73	-3.85	-3.30	-2.80	-2.12	-1.88
76.0	-4.62	-4.31	-3.48	-2.97	-2.48	-1.75	-1.59
77.0	-4.40	-4.08	-3.28	-2.79	-2.31	-1.66	-1.42
78.0	-4.21	-3.92	-3.13	-2.61	-2.13	-1.50	-1.29
79.0	-4.05	-3.77	-2.98	-2.47	-2.00	-1.30	-1.01
80.0	-4.06	-3.74	-2.88	-2.36	-1.86	-1.23	-1.00
81.0	-3.95	-3.67	-2.81	-2.31	-1.85	-1.20	-0.95
82.0	-4.00	-3.72	-2.84	-2.34	-1.84	-1.19	-0.99
83.0	-4.12	-3.77	-2.89	-2.34	-1.88	-1.17	-0.91
84.0	-4.05	-3.75	-2.93	-2.39	-1.90	-1.24	-1.04
85.0	-4.31	-3.99	-3.11	-2.56	-2.07	-1.39	-1.17
86.0	-4.39	-4.10	-3.24	-2.72	-2.22	-1.53	-1.33
87.0	-4.57	-4.26	-3.37	-2.85	-2.37	-1.66	-1.44
88.0	-4.65	-4.36	-3.44	-2.89	-2.39	-1.67	-1.37
89.0	-4.55	-4.26	-3.36	-2.82	-2.36	-1.66	-1.42
90.0	-4.52	-4.22	-3.36	-2.82	-2.34	-1.69	-1.49
91.0	-4.43	-4.12	-3.29	-2.77	-2.27	-1.57	-1.37
92.0	-4.38	-4.06	-3.22	-2.68	-2.20	-1.52	-1.27
93.0	-4.21	-3.92	-3.09	-2.60	-2.11	-1.42	-1.17
94.0	-4.09	-3.77	-2.96	-2.42	-1.92	-1.21	-0.96
95.0	-3.91	-3.61	-2.77	-2.24	-1.76	-1.07	-0.84
96.0	-3.80	-3.49	-2.60	-2.07	-1.59	-0.88	-0.68
97.0	-3.61	-3.29	-2.43	-1.89	-1.41	-0.71	-0.45
98.0	-3.48	-3.13	-2.25	-1.72	-1.19	-0.49	-0.24
99.0	-3.36	-2.99	-2.16	-1.61	-1.10	-0.40	-0.09
100.0	-3.34	-2.99	-2.09	-1.55	-1.03	-0.35	-0.10
101.0	-3.30	-2.94	-2.04	-1.50	-1.02	-0.33	-0.04
102.0	-3.27	-2.93	-2.09	-1.56	-1.07	-0.39	-0.19
103.0	-3.36	-3.02	-2.13	-1.60	-1.13	-0.48	-0.27
104.0	-3.35	-3.05	-2.24	-1.75	-1.28	-0.62	-0.36
105.0	-3.56	-3.25	-2.34	-1.82	-1.36	-0.71	-0.47
106.0	-3.59	-3.29	-2.44	-1.94	-1.45	-0.78	-0.56
107.0	-3.66	-3.31	-2.54	-2.06	-1.58	-0.89	-0.68
108.0	-3.76	-3.43	-2.66	-2.15	-1.69	-0.96	-0.70
109.0	-3.85	-3.53	-2.71	-2.22	-1.75	-0.99	-0.77
110.0	-3.93	-3.60	-2.74	-2.23	-1.75	-1.08	-0.75
111.0	-3.60	-3.28	-2.43	-1.93	-1.44	-0.71	-0.47
112.0	-3.09	-2.84	-2.04	-1.52	-1.05	-0.30	-0.14
113.0	-2.74	-2.43	-1.61	-1.12	-0.64	0.11	0.33
114.0	-2.36	-2.06	-1.30	-0.77	-0.33	0.33	0.56
115.0	-1.99	-1.72	-0.95	-0.48	-0.04	0.68	0.87
116.0	-1.59	-1.35	-0.61	-0.12	0.32	1.00	1.20
117.0	-1.26	-0.96	-0.18	0.28	0.73	1.46	1.71
118.0	-0.79	-0.51	0.22	0.67	1.12	1.90	2.24
119.0	-0.31	-0.06	0.65	1.10	1.56	2.28	2.54
120.0	0.18	0.40	1.07	1.54	1.99	2.67	2.96
121.0	0.36	0.58	1.33	1.85	2.34	3.06	3.32
122.0	0.50	0.78	1.51	1.98	2.50	3.29	3.56
123.0	0.43	0.73	1.46	1.99	2.49	3.25	3.60
124.0	0.06	0.40	1.23	1.78	2.30	3.16	3.50
125.0	-0.49	-0.11	0.94	1.49	2.07	2.99	3.32
126.0	-1.03	-0.63	0.53	1.18	1.77	2.65	2.98
127.0	-1.48	-1.11	0.08	0.75	1.35	2.35	2.68
128.0	-2.11	-1.64	-0.45	0.27	0.91	1.85	2.18
129.0	-2.64	-2.25	-0.97	-0.30	0.33	1.29	1.64
130.0	-3.18	-2.74	-1.62	-0.94	-0.29	0.66	1.01
131.0	-4.15	-3.70	-2.48	-1.74	-1.04	-0.11	0.13
132.0	-4.76	-4.26	-3.04	-2.33	-1.63	-0.71	-0.42
133.0	-5.13	-4.77	-3.65	-2.91	-2.23	-1.33	-1.09
134.0	-5.74	-5.33	-4.22	-3.53	-2.85	-1.90	-1.61
135.0	-6.31	-5.88	-4.77	-4.10	-3.48	-2.67	-2.46
136.0	-6.67	-6.26	-5.24	-4.55	-3.94	-3.05	-2.79
137.0	-7.10	-6.68	-5.56	-4.83	-4.15	-3.31	-2.97
138.0	-7.28	-6.89	-5.75	-5.00	-4.36	-3.46	-3.19
139.0	-7.40	-6.99	-5.81	-5.13	-4.46	-3.56	-3.29
140.0	-7.37	-7.02	-5.87	-5.19	-4.52	-3.68	-3.45
141.0	-7.50	-7.10	-5.97	-5.25	-4.60	-3.74	-3.45
142.0	-7.53	-7.09	-5.95	-5.24	-4.58	-3.66	-3.43
143.0	-7.67	-7.22	-6.06	-5.34	-4.69	-3.80	-3.53
144.0	-7.90	-7.47	-6.22	-5.48	-4.71	-3.80	-3.49
145.0	-8.19	-7.81	-6.37	-5.58	-4.81	-3.84	-3.58
146.0	-8.41	-7.95	-6.55	-5.71	-4.94	-3.88	-3.57
147.0	-8.53	-8.03	-6.67	-5.79	-5.00	-3.97	-3.62
148.0	-8.56	-8.11	-6.65	-5.82	-5.00	-3.95	-3.71
149.0	-8.36	-7.88	-6.48	-5.54	-4.69	-3.57	-3.22
150.0	-8.26	-7.75	-6.42	-5.45	-4.56	-3.42	-3.09
151.0	-8.26	-7.82	-6.30	-5.28	-4.45	-3.30	-2.98
152.0	-8.19	-7.68	-6.17	-5.24	-4.38	-3.36	-3.07
153.0	-8.04	-7.56	-6.19	-5.34	-4.48	-3.43	-3.10
154.0	-7.87	-7.49	-6.08	-5.21	-4.42	-3.42	-3.13
155.0	-7.75	-7.26	-6.00	-5.13	-4.35	-3.36	-2.99
156.0	-7.62	-7.20	-5.93	-5.12	-4.39	-3.47	-3.18
157.0	-7.57	-7.18	-6.00	-5.27	-4.57	-3.61	-3.32
158.0	-7.52	-7.10	-5.94	-5.20	-4.53	-3.59	-3.28
159.0	-7.45	-6.98	-5.84	-5.12	-4.46	-3.49	-3.19
160.0	-7.27	-6.92	-5.80	-5.09	-4.44	-3.54	-3.23
161.0	-7.41	-7.00	-5.81	-5.07	-4.40	-3.55	-3.30
162.0	-7.21	-6.83	-5.72	-5.00	-4.31	-3.41	-3.09
163.0	-7.14	-6.76	-5.64	-4.92	-4.24	-3.40	-3.11
164.0	-7.43	-6.99	-5.77	-4.96	-4.25	-3.31	-3.02
165.0	-7.28	-6.82	-5.70	-4.98	-4.28	-3.27	-3.02
166.0	-7.42	-7.00	-5.73	-4.96	-4.26	-3.40	-3.08
167.0	-7.32	-6.90	-5.75	-4.97	-4.22	-3.29	-2.96
168.0	-7.25	-6.79	-5.63	-4.88	-4.22	-3.28	-2.99
169.0	-7.01	-6.62	-5.50	-4.82	-4.12	-3.20	-2.89
170.0	-7.12	-6.65	-5.41	-4.67	-3.99	-3.13	-2.85
171.0	-6.93	-6.54	-5.43	-4.71	-4.03	-3.12	-2.81
172.0	-7.06	-6.66	-5.43	-4.70	-3.98	-3.12	-2.84
173.0	-7.14	-6.70	-5.47	-4.72	-4.03	-3.08	-2.80
174.0	-7.12	-6.77	-5.54	-4.79	-4.08	-3.16	-2.84
175.0	-7.27	-6.79	-5.51	-4.70	-3.94	-2.91	-2.51
176.0	-7.19	-6.70	-5.41	-4.56	-3.75	-2.72	-2.37
177.0	-7.16	-6.75	-5.34	-4.46	-3.66	-2.62	-2.30
178.0	-7.18	-6.65	-5.30	-4.43	-3.62	-2.57	-2.27
179.0	-7.32	-6.83	-5.38	-4.46	-3.63	-2.58	-2.29
180.0	-7.17	-6.76	-5.37	-4.49	-3.67	-2.51	-2.23
181.0	-7.07	-6.70	-5.36	-4.53	-3.72	-2.66	-2.34
182.0	-7.19	-6.71	-5.43	-4.64	-3.90	-2.86	-2.50
183.0	-7.08	-6.62	-5.45	-4.70	-3.94	-2.95	-2.64
184.0	-7.00	-6.68	-5.42	-4.64	-3.92	-2.90	-2.56
185.0	-7.04	-6.60	-5.36	-4.54	-3.80	-2.92	-2.61
186.0	-6.66	-6.34	-5.11	-4.33	-3.63	-2.74	-2.49
187.0	-6.23	-5.89	-4.76	-4.04	-3.33	-2.36	-2.07
188.0	-5.82	-5.45	-4.42	-3.73	-3.07	-2.10	-1.82
189.0	-5.68	-5.28	-4.19	-3.50	-2.82	-1.92	-1.64
190.0	-5.70	-5.27	-4.12	-3.41	-2.80	-1.83	-1.44
191.0	-5.61	-5.19	-3.97	-3.25	-2.55	-1.58	-1.26
192.0	-5.31	-4.92	-3.86	-3.17	-2.47	-1.49	-1.14
193.0	-5.19	-4.83	-3.59	-2.89	-2.21	-1.32	-1.02
194.0	-5.15	-4.83	-3.79	-3.08	-2.48	-1.68	-1.35
195.0	-4.92	-4.54	-3.52	-2.82	-2.18	-1.31	-0.99
196.0	-4.40	-4.03	-3.01	-2.36	-1.74	-0.81	-0.46
197.0	-4.21	-3.83	-2.74	-2.06	-1.48	-0.50	-0.18
198.0	-3.72	-3.42	-2.50	-1.93	-1.30	-0.41	-0.09
199.0	-3.91	-3.52	-2.50	-1.89	-1.22	-0.29	0.00
200.0	-3.78	-3.39	-2.31	-1.70	-1.07	-0.25	0.09
201.0	-3.72	-3.38	-2.45	-1.82	-1.14	-0.23	0.05
202.0	-3.59	-3.29	-2.32	-1.67	-1.03	-0.24	0.28
203.0	-3.41	-3.14	-2.13	-1.49	-0.88	0.02	0.30
204.0	-3.49	-3.12	-2.07	-1.41	-0.82	0.16	0.54
205.0	-3.39	-3.08	-2.13	-1.41	-0.80	0.09	0.50
206.0	-3.39	-3.03	-2.05	-1.47	-0.84	0.14	0.43
207.0	-3.49	-3.12	-2.02	-1.42	-0.82	0.04	0.40
208.0	-3.20	-2.90	-1.99	-1.35	-0.71	0.24	0.52
209.0	-3.33	-2.91	-1.88	-1.27	-0.67	0.31	0.66
210.0	-3.20	-2.83	-1.85	-1.21	-0.60	0.26	0.64
211.0	-3.06	-2.70	-1.62	-1.11	-0.50	0.46	0.80
212.0	-2.96	-2.58	-1.60	-0.96	-0.39	0.44	0.75
213.0	-2.76	-2.47	-1.52	-0.95	-0.28	0.67	0.88
214.0	-2.81	-2.51	-1.41	-0.82	-0.20	0.69	0.91
215.0	-2.55	-2.19	-1.25	-0.60	0.04	0.96	1.30
216.0	-2.46	-2.10	-1.15	-0.52	0.12	0.98	1.25
217.0	-2.32	-2.01	-1.11	-0.54	0.10	1.14	1.49
218.0	-2.60	-2.24	-1.25	-0.62	0.00	0.92	1.25
219.0	-2.94	-2.49	-1.47	-0.84	-0.16	0.75	1.05
220.0	-3.07	-2.73	-1.72	-1.06	-0.51	0.46	0.87
221.0	-3.56	-3.19	-2.15	-1.47	-0.76	0.13	0.48
222.0	-3.89	-3.50	-2.49	-1.81	-1.11	-0.30	0.00
223.0	-4.60	-4.19	-3.07	-2.39	-1.65	-0.76	-0.44
224.0	-5.08	-4.69	-3.53	-2.77	-2.05	-1.17	-0.88
225.0	-5.45	-5.03	-3.83	-3.11	-2.42	-1.49	-1.23
226.0	-5.49	-5.12	-4.01	-3.28	-2.55	-1.53	-1.28
227.0	-5.48	-5.08	-4.02	-3.31	-2.56	-1.53	-1.26
228.0	-5.43	-5.08	-3.98	-3.30	-2.56	-1.54	-1.29
229.0	-5.43	-5.04	-3.86	-3.09	-2.40	-1.43	-1.18
230.0	-5.19	-4.85	-3.70	-2.97	-2.28	-1.30	-1.02
231.0	-4.73	-4.31	-3.19	-2.46	-1.80	-0.90	-0.65
232.0	-4.31	-3.90	-2.89	-2.13	-1.47	-0.52	-0.16
233.0	-3.98	-3.54	-2.42	-1.78	-1.16	-0.27	-0.07
234.0	-3.79	-3.40	-2.29	-1.59	-0.83	0.21	0.55
235.0	-3.50	-3.10	-2.02	-1.32	-0.61	0.26	0.72
236.0	-3.22	-2.89	-1.79	-1.07	-0.43	0.58	0.98
237.0	-3.24	-2.88	-1.79	-1.08	-0.37	0.79	1.05
238.0	-3.41	-3.04	-1.90	-1.19	-0.45	0.73	1.06
239.0	-3.66	-3.26	-2.18	-1.40	-0.66	0.36	0.83
240.0	-4.02	-3.62	-2.38	-1.71	-0.97	0.07	0.38
241.0	-4.43	-3.97	-2.76	-1.95	-1.20	-0.16	0.19
242.0	-4.48	-4.07	-2.91	-2.22	-1.47	-0.48	-0.11
243.0	-5.11	-4.57	-3.24	-2.53	-1.82	-0.80	-0.44
244.0	-5.39	-4.96	-3.66	-2.92	-2.16	-1.16	-0.56
245.0	-5.94	-5.46	-4.13	-3.37	-2.61	-1.49	-1.16
246.0	-6.29	-5.91	-4.67	-3.85	-3.14	-2.08	-1.75
247.0	-7.09	-6.58	-5.21	-4.35	-3.61	-2.51	-2.13
248.0	-7.15	-6.70	-5.49	-4.65	-3.86	-2.75	-2.37
249.0	-7.61	-7.07	-5.68	-4.84	-4.08	-3.08	-2.73
250.0	-7.67	-7.18	-5.84	-5.05	-4.31	-3.23	-2.90
251.0	-7.58	-7.21	-5.96	-5.12	-4.37	-3.27	-2.97
252.0	-7.71	-7.18	-5.81	-5.02	-4.26	-3.32	-2.85
253.0	-7.32	-6.92	-5.74	-4.99	-4.24	-3.21	-2.92
254.0	-7.38	-7.01	-5.87	-5.11	-4.34	-3.30	-2.99
255.0	-7.62	-6.99	-5.81	-5.02	-4.29	-3.38	-3.11
256.0	-7.51	-7.02	-5.77	-5.01	-4.32	-3.39	-3.12
257.0	-7.37	-7.00	-5.79	-5.00	-4.24	-3.23	-2.96
258.0	-7.46	-6.96	-5.78	-5.01	-4.29	-3.31	-3.06
259.0	-7.34	-6.83	-5.55	-4.81	-4.09	-3.19	-2.88
260.0	-7.17	-6.71	-5.56	-4.81	-4.09	-2.99	-2.68
261.0	-7.05	-6.59	-5.48	-4.71	-4.00	-3.14	-2.81
262.0	-6.99	-6.55	-5.35	-4.57	-3.84	-2.92	-2.72
263.0	-7.27	-6.82	-5.63	-4.81	-4.09	-3.17	-2.91
264.0	-7.66	-7.11	-5.85	-5.08	-4.30	-3.36	-3.10
265.0	-7.53	-7.22	-5.96	-5.14	-4.43	-3.45	-3.11
266.0	-7.78	-7.33	-6.11	-5.31	-4.53	-3.51	-3.20
267.0	-7.56	-7.12	-5.88	-5.17	-4.44	-3.47	-3.12
268.0	-7.52	-7.11	-5.83	-5.10	-4.38	-3.42	-3.16
269.0	-7.46	-7.00	-5.81	-5.10	-4.47	-3.57	-3.32
270.0	-7.49	-7.08	-5.90	-5.07	-4.41	-3.42	-3.14
271.0	-7.77	-7.29	-6.04	-5.31	-4.61	-3.65	-3.36
272.0	-7.76	-7.33	-6.07	-5.30	-4.57	-3.53	-3.20
273.0	-7.70	-7.25	-5.98	-5.20	-4.46	-3.53	-3.27
274.0	-7.56	-7.17	-5.99	-5.19	-4.48	-3.48	-3.18
275.0	-7.45	-7.01	-5.77	-5.04	-4.32	-3.38	-3.11
276.0	-7.21	-6.79	-5.56	-4.79	-4.05	-3.07	-2.71
277.0	-6.93	-6.51	-5.31	-4.58	-3.88	-2.94	-2.69
278.0	-7.01	-6.56	-5.32	-4.55	-3.84	-2.92	-2.57
279.0	-6.79	-6.37	-5.28	-4.52	-3.83	-2.82	-2.49
280.0	-6.53	-6.25	-5.12	-4.41	-3.72	-2.70	-2.39
281.0	-6.46	-6.04	-4.92	-4.21	-3.50	-2.49	-2.13
282.0	-6.26	-5.86	-4.69	-3.99	-3.24	-2.24	-1.92
283.0	-5.97	-5.57	-4.41	-3.63	-2.92	-2.03	-1.67
284.0	-5.67	-5.21	-3.97	-3.16	-2.45	-1.46	-1.10
285.0	-5.12	-4.70	-3.56	-2.83	-2.09	-0.97	-0.56
286.0	-4.85	-4.44	-3.27	-2.59	-1.93	-0.98	-0.71
287.0	-5.00	-4.68	-3.26	-2.52	-1.80	-0.87	-0.63
288.0	-4.93	-4.57	-3.33	-2.61	-1.92	-0.98	-0.72
289.0	-5.31	-4.93	-3.76	-3.00	-2.28	-1.23	-1.00
290.0	-5.60	-5.24	-4.06	-3.37	-2.65	-1.62	-1.13
291.0	-5.95	-5.56	-4.33	-3.60	-2.84	-1.82	-1.51
292.0	-6.31	-5.86	-4.55	-3.80	-3.09	-2.07	-1.80
293.0	-6.41	-6.05	-4.91	-4.12	-3.42	-2.41	-2.07
294.0	-6.77	-6.36	-5.20	-4.45	-3.76	-2.76	-2.43
295.0	-6.75	-6.39	-5.21	-4.49	-3.77	-2.80	-2.51
296.0	-6.65	-6.34	-5.12	-4.39	-3.65	-2.64	-2.30
297.0	-6.63	-6.21	-5.05	-4.27	-3.60	-2.64	-2.34
298.0	-6.29	-5.93	-4.85	-4.12	-3.45	-2.57	-2.28
299.0	-6.27	-5.88	-4.72	-3.96	-3.25	-2.35	-2.02
300.0	-6.08	-5.70	-4.54	-3.84	-3.15	-2.21	-1.96
301.0	-6.05	-5.69	-4.55	-3.80	-3.11	-2.23	-1.94
302.0	-6.11	-5.65	-4.48	-3.66	-2.94	-2.09	-1.83
303.0	-5.78	-5.43	-4.31	-3.56	-2.84	-1.88	-1.56
304.0	-5.64	-5.23	-4.07	-3.29	-2.61	-1.73	-1.46
305.0	-5.51	-5.13	-3.93	-3.22	-2.50	-1.51	-1.25
306.0	-5.25	-4.84	-3.64	-2.91	-2.24	-1.22	-0.89
307.0	-5.07	-4.68	-3.52	-2.74	-2.07	-1.14	-0.79
308.0	-4.93	-4.55	-3.36	-2.62	-1.88	-0.83	-0.55
309.0	-4.87	-4.48	-3.24	-2.51	-1.84	-0.81	-0.49
310.0	-4.74	-4.31	-3.15	-2.37	-1.71	-0.65	-0.39
311.0	-4.63	-4.18	-3.01	-2.20	-1.53	-0.49	-0.21
312.0	-4.62	-4.18	-2.98	-2.24	-1.51	-0.48	-0.05
313.0	-4.69	-4.28	-2.94	-2.17	-1.45	-0.47	-0.05
314.0	-4.32	-3.95	-2.79	-2.08	-1.33	-0.36	-0.02
315.0	-4.07	-3.75	-2.69	-1.95	-1.23	-0.20	0.15
316.0	-4.10	-3.76	-2.53	-1.83	-1.15	-0.19	0.15
317.0	-4.20	-3.80	-2.60	-1.79	-1.15	-0.21	0.17
318.0	-4.07	-3.69	-2.51	-1.72	-0.97	0.08	0.39
319.0	-3.79	-3.42	-2.34	-1.61	-0.91	0.21	0.53
320.0	-3.77	-3.44	-2.22	-1.44	-0.71	0.24	0.71
321.0	-3.71	-3.27	-2.06	-1.22	-0.48	0.69	1.02
322.0	-3.58	-3.08	-1.72	-0.99	-0.20	0.86	1.24
323.0	-3.04	-2.67	-1.47	-0.66	0.07	1.13	1.55
324.0	-2.75	-2.42	-1.27	-0.50	0.24	1.26	1.64
325.0	-2.48	-2.12	-1.06	-0.28	0.45	1.43	1.83
326.0	-2.32	-1.86	-0.72	-0.02	0.70	1.81	2.20
327.0	-2.13	-1.70	-0.57	0.17	0.82	1.86	2.19
328.0	-1.92	-1.58	-0.46	0.19	0.85	1.94	2.40
329.0	-2.10	-1.69	-0.53	0.14	0.99	2.00	2.45
330.0	-1.88	-1.50	-0.46	0.24	0.91	2.16	2.48
331.0	-1.79	-1.50	-0.38	0.25	0.98	2.03	2.33
332.0	-1.78	-1.40	-0.36	0.39	1.07	2.11	2.52
333.0	-1.85	-1.51	-0.40	0.31	1.06	2.13	2.60
334.0	-2.12	-1.74	-0.62	0.11	0.83	1.96	2.31
335.0	-2.50	-2.12	-1.01	-0.31	0.39	1.44	1.86
336.0	-2.89	-2.61	-1.62	-0.79	-0.04	1.02	1.34
337.0	-3.59	-3.22	-2.10	-1.32	-0.52	0.62	0.90
338.0	-4.36	-3.94	-2.61	-1.80	-0.93	0.22	0.54
339.0	-4.81	-4.32	-2.86	-2.06	-1.26	0.06	0.71
340.0	-4.99	-4.56	-3.25	-2.44	-1.67	-0.45	-0.03
341.0	-6.31	-5.68	-4.09	-3.12	-2.21	-0.86	-0.37
342.0	-6.52	-6.12	-4.60	-3.63	-2.78	-1.54	-1.04
343.0	-7.29	-6.69	-5.14	-4.21	-3.39	-2.28	-1.93
344.0	-7.58	-7.10	-5.64	-4.73	-3.83	-2.61	-2.14
345.0	-7.98	-7.39	-5.95	-5.00	-4.13	-2.96	-2.60
346.0	-7.83	-7.43	-6.18	-5.23	-4.41	-3.28	-2.87
347.0	-8.14	-7.53	-6.17	-5.27	-4.45	-3.25	-2.93
348.0	-8.05	-7.58	-6.32	-5.39	-4.49	-3.34	-3.08
349.0	-8.14	-7.67	-6.37	-5.45	-4.58	-3.48	-3.17
350.0	-8.20	-7.64	-6.34	-5.50	-4.67	-3.53	-3.17
351.0	-8.15	-7.74	-6.45	-5.59	-4.75	-3.61	-3.21
352.0	-8.19	-7.78	-6.50	-5.67	-4.86	-3.82	-3.48
353.0	-8.22	-7.77	-6.39	-5.55	-4.76	-3.74	-3.44
354.0	-8.24	-7.76	-6.39	-5.57	-4.82	-3.75	-3.41
355.0	-8.19	-7.79	-6.43	-5.59	-4.78	-3.62	-3.25
356.0	-8.02	-7.67	-6.36	-5.52	-4.74	-3.74	-3.43
357.0	-8.03	-7.51	-6.29	-5.51	-4.74	-3.74	-3.32
358.0	-8.02	-7.60	-6.32	-5.46	-4.64	-3.54	-3.16
359.0	-7.90	-7.46	-6.28	-5.46	-4.69	-3.66	-3.40
360.0	-7.85	-7.49	-6.16	-5.43	-4.62	-3.56	-3.24
361.0	-8.45	-7.97	-6.52	-5.70	-4.92	-3.84	-3.46
362.0	-8.73	-8.12	-6.76	-5.84	-5.04	-3.90	-3.59
363.0	-8.96	-8.36	-6.94	-6.03	-5.16	-4.04	-3.69
364.0	-9.06	-8.44	-6.96	-6.07	-5.27	-3.95	-3.55
365.0	-8.97	-8.47	-7.02	-6.17	-5.28	-4.13	-3.69
366.0	-9.00	-8.31	-6.96	-6.08	-5.20	-3.95	-3.56
367.0	-8.75	-8.21	-6.78	-5.85	-5.00	-3.83	-3.43
368.0	-8.71	-8.16	-6.70	-5.76	-4.87	-3.70	-3.40
369.0	-8.61	-8.04	-6.57	-5.64	-4.72	-3.35	-2.92
370.0	-8.05	-7.57	-6.26	-5.41	-4.56	-3.37	-3.04
371.0	-7.94	-7.55	-6.18	-5.25	-4.42	-3.24	-2.82
372.0	-8.08	-7.64	-6.21	-5.29	-4.43	-3.24	-2.81
373.0	-8.14	-7.68	-6.26	-5.35	-4.54	-3.43	-3.09
374.0	-8.02	-7.63	-6.20	-5.33	-4.49	-3.37	-2.95
375.0	-7.96	-7.32	-5.97	-5.11	-4.31	-3.09	-2.70
376.0	-7.60	-7.17	-5.67	-4.88	-4.07	-2.96	-2.53
377.0	-7.40	-6.85	-5.50	-4.67	-3.94	-2.81	-2.45
378.0	-7.33	-6.82	-5.45	-4.59	-3.83	-2.85	-2.45
379.0	-7.13	-6.64	-5.38	-4.55	-3.75	-2.57	-2.18
380.0	-7.07	-6.61	-5.26	-4.44	-3.72	-2.57	-2.17
381.0	-6.74	-6.25	-5.09	-4.28	-3.52	-2.49	-2.09
382.0	-6.70	-6.35	-5.01	-4.27	-3.52	-2.39	-1.81
383.0	-6.66	-6.14	-4.86	-4.07	-3.29	-2.21	-1.70
384.0	-6.50	-6.03	-4.73	-3.87	-3.09	-2.01	-1.73
385.0	-6.64	-6.10	-4.85	-3.97	-3.12	-1.84	-1.53
386.0	-6.76	-6.21	-4.85	-3.88	-2.98	-1.76	-1.40
387.0	-6.37	-5.99	-4.52	-3.61	-2.80	-1.66	-1.29
388.0	-6.46	-5.85	-4.41	-3.41	-2.60	-1.33	-0.83
389.0	-6.07	-5.65	-4.25	-3.36	-2.45	-1.10	-0.54
390.0	-6.12	-5.60	-4.15	-3.23	-2.28	-1.01	-0.66
391.0	-5.81	-5.29	-4.00	-3.15	-2.31	-0.98	-0.56
392.0	-5.84	-5.36	-3.92	-3.11	-2.33	-1.02	-0.59
393.0	-5.51	-5.08	-3.62	-2.69	-1.85	-0.65	-0.35
394.0	-4.68	-4.22	-3.01	-2.24	-1.47	-0.24	0.25
395.0	-4.30	-3.84	-2.71	-2.00	-1.26	0.05	0.39
396.0	-4.18	-3.78	-2.57	-1.87	-1.16	0.08	0.54
397.0	-3.72	-3.31	-2.20	-1.43	-0.66	0.58	0.92
398.0	-3.53	-3.11	-1.93	-1.21	-0.56	0.60	0.97
399.0	-3.46	-3.06	-1.79	-1.08	-0.30	0.91	1.24
400.0	-3.21	-2.80	-1.66	-0.88	-0.14	1.13	1.52
401.0	-3.12	-2.72	-1.44	-0.63	0.19	1.26	1.74
402.0	-2.47	-2.09	-0.97	-0.17	0.54	1.56	2.03
403.0	-2.39	-1.97	-0.80	0.01	0.72	1.94	2.43
404.0	-2.17	-1.84	-0.68	0.01	0.81	2.14	2.55
405.0	-2.02	-1.68	-0.48	0.30	1.12	2.19	2.49
406.0	-2.03	-1.70	-0.42	0.33	1.11	2.22	2.52
407.0	-1.78	-1.40	-0.30	0.34	1.19	2.26	2.66
408.0	-1.74	-1.33	-0.11	0.54	1.29	2.49	3.05
409.0	-1.44	-1.16	-0.08	0.57	1.28	2.32	2.66
410.0	-1.58	-1.24	-0.17	0.52	1.25	2.38	2.81
411.0	-1.79	-1.41	-0.38	0.39	1.16	2.12	2.40
412.0	-1.86	-1.43	-0.29	0.45	1.10	2.29	2.58
413.0	-1.89	-1.40	-0.47	0.32	1.03	1.98	2.39
414.0	-2.00	-1.58	-0.60	0.15	0.81	1.98	2.33
415.0	-1.96	-1.66	-0.62	0.06	0.74	1.82	2.24
416.0	-2.00	-1.76	-0.70	-0.04	0.63	1.65	1.92
417.0	-2.16	-1.80	-0.78	-0.07	0.62	1.66	2.06
418.0	-2.11	-1.80	-0.92	-0.15	0.55	1.58	2.15
419.0	-2.46	-2.08	-0.99	-0.32	0.42	1.30	1.71
420.0	-2.84	-2.45	-1.29	-0.49	0.27	1.21	1.55
421.0	-3.21	-2.79	-1.51	-0.77	-0.10	1.12	1.53
422.0	-3.62	-3.25	-2.09	-1.23	-0.32	0.82	1.22
423.0	-4.26	-3.84	-2.28	-1.47	-0.72	0.44	0.81
424.0	-4.64	-4.16	-2.71	-1.85	-1.02	0.19	0.76
425.0	-5.31	-4.86	-3.41	-2.50	-1.74	-0.77	-0.40
426.0	-5.51	-5.17	-3.92	-3.12	-2.37	-1.34	-1.11
427.0	-5.93	-5.54	-4.16	-3.39	-2.66	-1.53	-1.26
428.0	-6.03	-5.66	-4.42	-3.64	-2.92	-1.81	-1.36
429.0	-6.41	-5.96	-4.68	-3.96	-3.20	-2.18	-1.76
430.0	-6.92	-6.38	-4.93	-4.10	-3.34	-2.31	-2.03
431.0	-7.00	-6.58	-5.18	-4.36	-3.54	-2.38	-1.97
432.0	-6.97	-6.55	-5.20	-4.36	-3.55	-2.47	-2.16
433.0	-7.36	-6.88	-5.41	-4.59	-3.79	-2.74	-2.41
434.0	-7.60	-6.92	-5.41	-4.55	-3.73	-2.53	-2.11
435.0	-7.21	-6.91	-5.58	-4.76	-3.94	-2.76	-2.38
436.0	-8.02	-7.36	-5.81	-4.94	-4.07	-2.62	-2.32
437.0	-8.06	-7.58	-6.05	-5.04	-4.19	-3.01	-2.72
438.0	-8.20	-7.76	-6.24	-5.19	-4.25	-3.08	-2.73
439.0	-8.21	-7.76	-6.09	-5.14	-4.24	-3.06	-2.73
440.0	-7.91	-7.38	-6.02	-5.07	-4.21	-3.03	-2.68
441.0	-7.78	-7.21	-5.73	-4.89	-4.09	-2.99	-2.56
442.0	-7.22	-6.76	-5.42	-4.60	-3.82	-2.62	-2.22
443.0	-7.11	-6.70	-5.25	-4.43	-3.66	-2.52	-2.21
444.0	-7.01	-6.54	-5.23	-4.40	-3.50	-2.41	-2.04
445.0	-7.13	-6.72	-5.28	-4.43	-3.69	-2.59	-2.14
446.0	-7.37	-6.92	-5.62	-4.79	-3.97	-2.91	-2.61
447.0	-7.22	-6.80	-5.60	-4.81	-4.03	-2.82	-2.46
448.0	-7.30	-6.88	-5.67	-4.76	-3.96	-2.86	-2.54
449.0	-7.48	-7.05	-5.76	-4.89	-4.05	-2.96	-2.57
450.0	-7.43	-7.00	-5.81	-4.96	-4.19	-3.07	-2.73
451.0	-7.59	-7.07	-5.74	-4.83	-3.93	-2.85	-2.57
452.0	-7.56	-7.03	-5.79	-4.87	-3.99	-2.75	-2.36
453.0	-7.59	-7.17	-5.84	-4.99	-4.16	-3.01	-2.55
454.0	-7.82	-7.34	-5.84	-4.99	-4.15	-3.01	-2.59
455.0	-7.92	-7.39	-6.01	-5.23	-4.37	-3.05	-2.63
456.0	-8.23	-7.71	-6.14	-5.14	-4.28	-3.02	-2.61
457.0	-8.51	-7.78	-6.29	-5.20	-4.30	-3.05	-2.64
458.0	-8.70	-8.02	-6.43	-5.44	-4.43	-3.06	-2.67
459.0	-8.92	-8.31	-6.45	-5.43	-4.51	-3.20	-2.77
460.0	-9.43	-8.93	-7.39	-6.43	-5.47	-4.22	-3.59
461.0	-9.64	-9.07	-7.31	-6.28	-5.40	-4.00	-3.62
462.0	-9.08	-8.54	-7.00	-5.98	-5.00	-3.79	-3.37
463.0	-8.90	-8.37	-6.75	-5.74	-4.80	-3.60	-3.25
464.0	-8.52	-8.11	-6.71	-5.74	-4.78	-3.50	-3.06
465.0	-8.92	-8.43	-6.77	-5.77	-4.78	-3.35	-2.98
466.0	-9.18	-8.70	-6.93	-5.83	-4.84	-3.59	-3.01
467.0	-9.26	-8.74	-7.10	-5.98	-4.94	-3.74	-3.31
468.0	-9.44	-8.88	-7.17	-6.09	-5.07	-3.59	-2.90
469.0	-9.45	-8.97	-7.28	-6.12	-5.11	-3.79	-3.21
470.0	-9.23	-8.68	-7.05	-6.06	-5.11	-3.64	-3.00
471.0	-9.43	-8.69	-7.09	-5.99	-5.05	-3.66	-3.06
472.0	-8.95	-8.45	-6.88	-5.90	-4.93	-3.26	-2.75
473.0	-9.13	-8.44	-6.92	-5.92	-4.95	-3.42	-2.86
474.0	-9.08	-8.57	-6.94	-5.87	-4.82	-3.51	-3.20
475.0	-9.02	-8.48	-6.80	-5.79	-4.88	-3.31	-2.73
476.0	-9.09	-8.52	-6.86	-5.91	-4.91	-3.43	-2.99
477.0	-9.28	-8.58	-6.83	-5.78	-4.84	-3.50	-2.94
478.0	-8.92	-8.36	-6.48	-5.48	-4.54	-3.22	-2.90
479.0	-8.48	-7.95	-6.45	-5.41	-4.38	-3.16	-2.71
480.0	-8.18	-7.54	-6.08	-5.19	-4.26	-2.92	-2.40
481.0	-7.83	-7.24	-5.80	-4.89	-4.00	-2.77	-2.43
482.0	-7.49	-7.01	-5.36	-4.52	-3.65	-2.49	-2.11
483.0	-7.06	-6.54	-5.06	-4.14	-3.27	-1.92	-1.36
484.0	-6.23	-5.75	-4.46	-3.54	-2.65	-1.35	-1.03
485.0	-5.88	-5.45	-4.28	-3.36	-2.52	-1.31	-0.99
486.0	-5.97	-5.62	-4.17	-3.29	-2.47	-1.16	-0.69
487.0	-6.03	-5.37	-4.09	-3.21	-2.30	-1.14	-0.76
488.0	-5.85	-5.23	-3.92	-3.05	-2.21	-1.10	-0.81
489.0	-5.54	-5.14	-3.76	-2.84	-2.03	-0.76	-0.28
490.0	-5.25	-4.78	-3.42	-2.63	-1.80	-0.34	-0.14
491.0	-4.60	-4.28	-3.06	-2.29	-1.49	-0.18	0.26
492.0	-4.64	-4.18	-2.95	-2.22	-1.39	-0.20	0.14
493.0	-4.12	-3.75	-2.75	-2.00	-1.17	-0.08	0.32
494.0	-4.22	-3.82	-2.67	-1.88	-1.12	0.25	0.56
495.0	-4.49	-4.12	-2.86	-2.01	-1.25	-0.11	0.21
496.0	-4.62	-4.31	-3.10	-2.21	-1.40	-0.23	0.14
497.0	-4.62	-4.17	-3.10	-2.27	-1.36	-0.38	-0.18
498.0	-4.78	-4.31	-3.10	-2.30	-1.57	-0.52	0.03
499.0	-4.76	-4.44	-3.18	-2.40	-1.65	-0.45	-0.13
500.0	-5.08	-4.55	-3.21	-2.40	-1.63	-0.50	-0.30
501.0	-4.87	-4.54	-3.14	-2.35	-1.45	-0.45	-0.21
502.0	-4.85	-4.51	-3.17	-2.27	-1.51	-0.42	-0.27
503.0	-5.09	-4.57	-3.28	-2.44	-1.69	-0.62	-0.25
504.0	-4.75	-4.26	-3.12	-2.32	-1.59	-0.38	0.00
505.0	-5.28	-4.66	-3.25	-2.36	-1.60	-0.37	0.06
506.0	-5.10	-4.54	-3.16	-2.37	-1.55	-0.54	-0.16
507.0	-4.81	-4.38	-3.09	-2.29	-1.56	-0.26	0.21
508.0	-4.45	-4.12	-3.00	-2.25	-1.34	-0.28	0.06
509.0	-4.86	-4.40	-3.16	-2.34	-1.45	-0.38	0.14
510.0	-4.96	-4.33	-3.21	-2.48	-1.64	-0.48	-0.15
511.0	-5.39	-4.94	-3.58	-2.65	-1.95	-0.91	-0.56
512.0	-5.23	-4.79	-3.66	-2.86	-2.04	-1.03	-0.74
513.0	-5.60	-5.02	-3.82	-2.99	-2.19	-1.00	-0.59
514.0	-5.75	-5.35	-3.94	-3.19	-2.38	-1.13	-0.82
515.0	-5.93	-5.35	-4.01	-3.10	-2.27	-1.20	-0.79
516.0	-5.62	-5.07	-3.91	-3.06	-2.27	-1.23	-0.91
517.0	-5.57	-5.13	-3.94	-3.15	-2.32	-1.16	-0.94
518.0	-5.81	-5.30	-4.02	-3.26	-2.45	-1.43	-1.06
519.0	-5.76	-5.29	-4.04	-3.20	-2.37	-1.38	-0.98
520.0	-5.73	-5.39	-4.07	-3.25	-2.45	-1.22	-0.83
521.0	-5.56	-5.19	-4.06	-3.15	-2.35	-1.33	-0.97
522.0	-5.61	-5.14	-3.95	-3.12	-2.31	-1.27	-1.07
523.0	-5.64	-5.15	-3.87	-2.97	-2.22	-1.24	-0.84
524.0	-5.33	-4.95	-3.75	-2.92	-2.16	-1.07	-0.74
525.0	-5.23	-4.75	-3.54	-2.69	-1.91	-0.88	-0.37
526.0	-4.99	-4.71	-3.51	-2.69	-1.92	-0.83	-0.51
527.0	-5.60	-5.03	-3.65	-2.81	-1.99	-0.86	-0.56
528.0	-5.57	-4.97	-3.73	-2.94	-2.14	-1.04	-0.64
529.0	-5.75	-5.31	-4.00	-3.13	-2.33	-1.16	-0.64
530.0	-5.67	-5.24	-4.09	-3.23	-2.39	-1.22	-0.76
531.0	-6.01	-5.69	-4.25	-3.34	-2.46	-1.32	-0.87
532.0	-6.21	-5.64	-4.19	-3.32	-2.46	-1.33	-0.80
533.0	-6.53	-5.80	-4.48	-3.58	-2.64	-1.10	-0.64
534.0	-6.48	-5.97	-4.45	-3.59	-2.79	-1.58	-1.09
535.0	-6.68	-6.17	-4.74	-3.87	-3.05	-1.93	-1.51
536.0	-6.83	-6.38	-5.04	-4.15	-3.26	-1.98	-1.45
537.0	-6.85	-6.38	-5.02	-4.08	-3.25	-2.03	-1.67
538.0	-7.28	-6.72	-5.28	-4.34	-3.39	-2.11	-1.78
539.0	-7.86	-7.28	-5.74	-4.74	-3.83	-2.61	-2.19
540.0	-8.38	-7.79	-6.12	-4.99	-4.07	-2.67	-2.16
541.0	-8.22	-7.53	-6.08	-5.13	-4.13	-2.82	-2.39
542.0	-8.55	-7.76	-6.16	-5.16	-4.16	-2.97	-2.62
543.0	-8.17	-7.68	-6.10	-5.11	-4.23	-2.87	-2.38
544.0	-8.07	-7.61	-6.08	-5.11	-4.19	-2.91	-2.47
545.0	-8.00	-7.52	-5.97	-5.00	-4.06	-2.62	-2.25
546.0	-8.16	-7.40	-5.88	-4.94	-4.09	-2.70	-1.95
547.0	-7.84	-7.43	-5.91	-5.04	-4.11	-3.03	-2.72
548.0	-8.28	-7.73	-6.15	-5.13	-4.17	-2.88	-2.60
549.0	-8.22	-7.68	-6.18	-5.14	-4.25	-3.00	-2.52
550.0	-7.94	-7.34	-5.94	-5.04	-4.18	-2.96	-2.55
551.0	-7.68	-7.29	-5.89	-4.96	-4.08	-2.79	-2.39
552.0	-7.94	-7.30	-5.79	-4.94	-3.97	-2.73	-2.24
553.0	-7.66	-7.20	-5.70	-4.77	-3.82	-2.62	-2.08
554.0	-7.39	-6.94	-5.55	-4.75	-3.92	-2.72	-2.19
555.0	-7.46	-6.87	-5.50	-4.59	-3.66	-2.55	-2.16
556.0	-7.25	-6.78	-5.38	-4.43	-3.57	-2.51	-2.09
557.0	-7.37	-6.80	-5.34	-4.36	-3.60	-2.42	-2.10
558.0	-7.22	-6.77	-5.32	-4.43	-3.57	-2.46	-2.12
559.0	-7.23	-6.73	-5.23	-4.27	-3.47	-2.23	-1.78
560.0	-6.70	-6.24	-4.83	-3.88	-3.08	-1.97	-1.61
561.0	-6.12	-5.74	-4.51	-3.71	-2.90	-1.82	-1.40
562.0	-6.27	-5.92	-4.49	-3.63	-2.80	-1.52	-1.14
563.0	-6.48	-5.94	-4.47	-3.60	-2.77	-1.59	-1.18
564.0	-6.46	-5.93	-4.48	-3.56	-2.81	-1.46	-0.89
565.0	-6.71	-6.08	-4.49	-3.53	-2.59	-1.45	-1.13
566.0	-6.48	-6.15	-4.53	-3.57	-2.68	-1.19	-0.81
567.0	-6.39	-5.95	-4.33	-3.43	-2.56	-1.46	-0.86
568.0	-6.15	-5.71	-4.23	-3.38	-2.48	-1.14	-0.69
569.0	-6.11	-5.58	-4.23	-3.36	-2.52	-1.16	-0.57
570.0	-5.61	-5.13	-3.74	-2.98	-2.15	-0.71	-0.14
571.0	-5.06	-4.63	-3.31	-2.38	-1.62	-0.46	-0.19
572.0	-4.99	-4.26	-2.79	-1.96	-1.11	0.12	0.58
573.0	-4.14	-3.64	-2.35	-1.45	-0.54	0.69	1.31
574.0	-3.64	-3.19	-1.98	-1.19	-0.32	1.13	1.50
575.0	-3.68	-3.13	-1.77	-0.99	-0.16	1.07	1.44
576.0	-3.25	-2.83	-1.74	-0.84	-0.04	1.28	1.70
577.0	-3.31	-2.98	-1.58	-0.81	-0.01	1.27	1.65
578.0	-3.65	-3.06	-1.63	-0.80	-0.07	0.99	1.47
579.0	-3.11	-2.78	-1.45	-0.58	0.19	1.47	2.00
580.0	-3.35	-2.87	-1.59	-0.73	0.15	1.53	1.86
581.0	-3.54	-3.06	-1.90	-1.13	-0.24	0.90	1.24
582.0	-3.63	-3.26	-2.14	-1.26	-0.46	0.62	1.00
583.0	-3.84	-3.42	-2.05	-1.20	-0.47	0.61	0.80
584.0	-3.40	-3.19	-2.12	-1.38	-0.63	0.65	1.00
585.0	-3.95	-3.42	-2.21	-1.41	-0.54	0.56	0.98
586.0	-3.88	-3.48	-2.34	-1.46	-0.56	0.57	1.02
587.0	-3.96	-3.67	-2.47	-1.52	-0.74	0.58	0.78
588.0	-4.41	-3.86	-2.56	-1.64	-0.74	0.49	0.82
589.0	-4.16	-3.87	-2.66	-1.77	-0.87	0.49	0.79
590.0	-4.74	-4.24	-2.71	-1.92	-1.14	0.11	0.49
591.0	-4.45	-4.02	-2.71	-1.91	-1.13	0.26	0.81
592.0	-4.28	-3.90	-2.62	-1.76	-0.90	0.39	0.75
593.0	-4.53	-3.92	-2.50	-1.65	-0.95	0.39	0.81
594.0	-4.17	-3.77	-2.54	-1.72	-0.92	0.48	0.78
595.0	-4.15	-3.74	-2.46	-1.55	-0.85	0.59	1.06
596.0	-4.34	-3.92	-2.51	-1.72	-0.86	0.45	0.83
597.0	-4.21	-3.75	-2.63	-1.73	-0.93	0.46	0.95
598.0	-4.13	-3.58	-2.47	-1.69	-0.78	0.19	0.54
599.0	-4.09	-3.56	-2.37	-1.47	-0.64	0.60	0.96
600.0	-4.01	-3.60	-2.25	-1.45	-0.63	0.45	0.75
601.0	-3.66	-3.30	-2.23	-1.44	-0.67	0.57	1.00
602.0	-3.76	-3.29	-2.12	-1.27	-0.51	0.72	1.16
603.0	-3.71	-3.12	-1.87	-1.09	-0.43	0.72	1.09
604.0	-3.24	-2.98	-1.77	-0.91	-0.07	1.00	1.35
605.0	-3.75	-3.20	-1.93	-1.01	-0.15	1.03	1.24
606.0	-3.69	-3.21	-2.00	-1.15	-0.33	1.13	1.64
607.0	-3.86	-3.44	-2.12	-1.15	-0.32	1.06	1.48
608.0	-3.58	-3.07	-1.89	-1.00	-0.07	1.15	1.56
609.0	-3.44	-3.02	-1.83	-1.02	-0.04	0.95	1.38
610.0	-3.25	-2.85	-1.81	-0.99	-0.21	1.06	1.47
611.0	-3.28	-2.87	-1.73	-0.96	-0.14	0.99	1.42
612.0	-3.31	-2.89	-1.66	-0.87	-0.12	1.25	1.81
613.0	-3.22	-2.85	-1.73	-0.91	-0.18	1.19	1.71
614.0	-3.45	-2.93	-1.72	-0.89	-0.13	1.10	1.47
615.0	-3.42	-2.89	-1.75	-1.06	-0.25	0.82	1.28
616.0	-3.59	-3.24	-2.02	-1.18	-0.42	0.77	1.17
617.0	-3.60	-3.12	-1.98	-1.19	-0.44	0.88	1.26
618.0	-3.47	-3.12	-1.96	-1.12	-0.25	0.75	1.18
619.0	-3.45	-3.05	-1.76	-0.98	-0.30	0.94	1.62
620.0	-3.59	-3.19	-1.91	-1.07	-0.27	1.08	1.41
621.0	-3.62	-3.31	-2.04	-1.17	-0.27	0.84	1.18
622.0	-3.96	-3.40	-2.26	-1.48	-0.59	0.62	0.95
623.0	-4.43	-3.97	-2.58	-1.79	-0.93	0.33	0.87
624.0	-4.39	-3.94	-2.74	-1.88	-0.96	0.24	0.64
625.0	-4.65	-4.08	-2.77	-1.96	-1.18	0.21	0.78
626.0	-4.67	-4.18	-3.00	-2.22	-1.40	-0.36	0.23
627.0	-5.18	-4.73	-3.44	-2.66	-1.86	-0.62	-0.13
628.0	-5.58	-5.06	-3.69	-2.83	-1.94	-0.77	-0.06
629.0	-6.04	-5.53	-4.06	-3.19	-2.37	-1.02	-0.63
630.0	-6.76	-6.08	-4.49	-3.62	-2.76	-1.46	-1.17
631.0	-7.02	-6.48	-4.81	-3.89	-3.04	-1.87	-1.48
632.0	-6.87	-6.39	-4.98	-4.03	-3.21	-2.06	-1.64
633.0	-7.20	-6.61	-5.08	-4.17	-3.29	-2.10	-1.71
634.0	-7.23	-6.69	-5.13	-4.21	-3.35	-2.09	-1.52
635.0	-7.13	-6.66	-5.12	-4.20	-3.35	-2.16	-1.84
636.0	-7.14	-6.65	-5.24	-4.32	-3.40	-2.24	-1.67
637.0	-7.33	-6.97	-5.45	-4.50	-3.62	-2.26	-1.84
638.0	-7.47	-6.90	-5.49	-4.67	-3.76	-2.66	-2.29
639.0	-7.86	-7.40	-5.82	-4.75	-3.90	-2.49	-2.02
640.0	-7.59	-7.14	-5.66	-4.74	-3.80	-2.55	-2.09
641.0	-7.50	-7.02	-5.61	-4.69	-3.81	-2.64	-2.16
642.0	-7.53	-7.15	-5.54	-4.66	-3.74	-2.44	-2.20
643.0	-7.29	-6.90	-5.57	-4.56	-3.76	-2.59	-2.17
644.0	-7.20	-6.75	-5.33	-4.49	-3.69	-2.36	-1.93
645.0	-7.03	-6.52	-5.16	-4.25	-3.28	-2.14	-1.62
646.0	-6.53	-6.09	-4.77	-3.91	-3.00	-1.85	-1.50
647.0	-6.59	-6.03	-4.63	-3.67	-2.84	-1.61	-1.31
648.0	-6.56	-6.06	-4.52	-3.67	-2.86	-1.63	-1.20
649.0	-6.68	-6.19	-4.59	-3.63	-2.81	-1.56	-0.92
650.0	-6.80	-6.35	-4.77	-3.81	-2.93	-1.53	-0.92
651.0	-6.94	-6.34	-4.78	-3.85	-3.00	-1.64	-1.05
652.0	-7.10	-6.58	-5.04	-4.04	-3.16	-1.73	-1.04
653.0	-7.34	-6.93	-5.25	-4.23	-3.34	-1.84	-1.47
654.0	-7.62	-7.07	-5.52	-4.54	-3.67	-2.51	-2.11
655.0	-7.63	-7.11	-5.55	-4.61	-3.74	-2.21	-1.60
656.0	-7.64	-7.14	-5.51	-4.57	-3.76	-2.29	-1.87
657.0	-7.49	-7.07	-5.58	-4.61	-3.66	-2.39	-1.95
658.0	-7.60	-7.04	-5.57	-4.59	-3.64	-2.45	-1.88
659.0	-7.53	-7.00	-5.62	-4.65	-3.75	-2.37	-2.04
660.0	-7.72	-7.10	-5.75	-4.73	-3.77	-2.55	-2.16
661.0	-7.75	-7.18	-5.72	-4.70	-3.79	-2.39	-1.99
662.0	-7.82	-7.25	-5.72	-4.79	-3.88	-2.66	-2.18
663.0	-8.14	-7.46	-5.86	-4.88	-3.80	-2.42	-1.98
664.0	-8.07	-7.60	-5.94	-4.78	-3.78	-2.57	-2.26
665.0	-7.44	-7.00	-5.60	-4.74	-3.83	-2.54	-2.20
666.0	-7.28	-6.77	-5.34	-4.43	-3.48	-2.15	-1.84
667.0	-6.90	-6.39	-5.04	-4.15	-3.19	-1.75	-1.12
668.0	-6.95	-6.40	-4.97	-4.03	-3.04	-1.77	-1.24
669.0	-7.11	-6.46	-4.96	-3.94	-3.06	-1.98	-1.61
670.0	-6.96	-6.49	-5.12	-4.18	-3.33	-2.13	-1.61
671.0	-7.37	-6.87	-5.20	-4.33	-3.44	-2.14	-1.78
672.0	-7.44	-6.94	-5.46	-4.53	-3.62	-1.96	-1.56
673.0	-7.57	-6.93	-5.27	-4.22	-3.30	-2.06	-1.63
674.0	-7.51	-6.86	-5.29	-4.21	-3.26	-2.02	-1.69
675.0	-7.44	-6.87	-5.18	-4.15	-3.24	-1.97	-1.50
676.0	-6.76	-6.40	-5.10	-4.08	-3.18	-1.84	-1.39
677.0	-6.71	-6.22	-4.85	-3.94	-3.00	-1.84	-1.48
678.0	-7.14	-6.51	-4.72	-3.92	-3.06	-1.79	-1.41
679.0	-6.78	-6.43	-5.00	-3.97	-3.11	-1.68	-1.27
680.0	-7.31	-6.61	-4.91	-3.95	-3.01	-1.75	-1.32
681.0	-6.82	-6.31	-4.94	-4.01	-3.13	-1.59	-1.10
682.0	-6.94	-6.35	-4.76	-3.86	-3.03	-1.70	-1.34
683.0	-6.75	-6.23	-4.66	-3.77	-2.95	-1.71	-0.97
684.0	-6.42	-5.96	-4.60	-3.76	-2.96	-1.65	-1.30
685.0	-6.31	-5.88	-4.57	-3.74	-2.96	-1.61	-1.26
686.0	-6.37	-5.84	-4.48	-3.65	-2.86	-1.67	-1.34
687.0	-6.66	-5.99	-4.45	-3.64	-2.81	-1.49	-1.20
688.0	-6.23	-5.70	-4.35	-3.62	-2.84	-1.52	-1.13
689.0	-6.16	-5.75	-4.40	-3.49	-2.54	-1.41	-1.07
690.0	-5.69	-5.21	-3.89	-2.98	-2.16	-1.00	-0.53
691.0	-5.50	-5.12	-3.86	-3.03	-2.14	-0.87	-0.65
692.0	-5.59	-5.04	-3.56	-2.76	-1.95	-0.72	-0.29
693.0	-4.91	-4.66	-3.30	-2.51	-1.75	-0.72	-0.33
694.0	-5.06	-4.59	-3.19	-2.31	-1.54	-0.17	0.56
695.0	-5.02	-4.51	-3.25	-2.35	-1.41	-0.20	0.25
696.0	-5.15	-4.71	-3.30	-2.37	-1.49	-0.24	0.08
697.0	-4.74	-4.12	-2.79	-1.99	-1.10	0.26	0.61
698.0	-4.15	-3.63	-2.35	-1.55	-0.79	0.42	0.92
699.0	-4.09	-3.74	-2.40	-1.65	-0.75	0.64	1.01
700.0	-4.38	-3.82	-2.51	-1.73	-0.88	0.29	0.54
701.0	-4.34	-3.76	-2.58	-1.63	-0.90	0.50	0.68
702.0	-4.23	-3.79	-2.44	-1.72	-0.78	0.53	0.84
703.0	-3.88	-3.61	-2.29	-1.50	-0.68	0.43	0.94
704.0	-3.70	-3.36	-2.13	-1.31	-0.46	0.65	0.93
705.0	-3.29	-2.95	-1.94	-1.22	-0.50	0.76	1.08
706.0	-3.47	-3.00	-1.82	-0.98	-0.31	0.81	1.22
707.0	-3.38	-3.00	-1.86	-1.20	-0.40	0.85	1.25
708.0	-3.62	-3.10	-2.04	-1.24	-0.32	0.78	1.08
709.0	-4.18	-3.52	-2.13	-1.29	-0.49	0.54	1.03
710.0	-3.98	-3.44	-2.31	-1.57	-0.75	0.10	0.50
711.0	-4.59	-4.18	-2.89	-1.97	-1.22	-0.21	0.17
712.0	-4.90	-4.47	-3.20	-2.31	-1.59	-0.37	0.05
713.0	-5.49	-4.98	-3.66	-2.76	-1.92	-0.86	-0.65
714.0	-5.67	-5.21	-4.01	-3.27	-2.44	-1.42	-1.03
715.0	-5.82	-5.49	-4.16	-3.30	-2.52	-1.34	-1.04
716.0	-5.87	-5.46	-4.29	-3.52	-2.78	-1.54	-1.13
717.0	-6.37	-5.83	-4.42	-3.69	-2.96	-1.92	-1.60
718.0	-6.82	-6.25	-4.78	-3.81	-3.02	-1.85	-1.35
719.0	-6.64	-6.30	-4.85	-3.93	-3.23	-2.17	-1.85
720.0	-6.51	-6.13	-4.80	-3.96	-3.13	-1.96	-1.53
721.0	-6.56	-6.08	-4.83	-3.95	-3.10	-2.04	-1.58
722.0	-6.37	-5.89	-4.75	-3.95	-3.13	-1.87	-1.42
723.0	-6.68	-6.22	-4.84	-3.97	-3.13	-1.96	-1.52
724.0	-6.52	-6.16	-4.87	-3.89	-3.02	-1.82	-1.36
725.0	-6.62	-6.15	-4.87	-3.96	-3.04	-1.82	-1.55
726.0	-6.71	-6.22	-4.84	-3.93	-3.07	-1.77	-1.45
727.0	-6.20	-5.87	-4.72	-3.83	-3.02	-1.77	-1.40
728.0	-6.42	-5.93	-4.52	-3.68	-2.88	-1.61	-1.37
729.0	-6.87	-6.02	-4.58	-3.67	-2.76	-1.31	-0.74
730.0	-7.06	-6.35	-4.52	-3.55	-2.67	-1.57	-1.29
731.0	-6.37	-5.95	-4.46	-3.55	-2.84	-1.60	-1.15
732.0	-6.37	-5.73	-4.32	-3.47	-2.55	-1.42	-1.14
733.0	-6.47	-6.03	-4.54	-3.48	-2.48	-1.18	-0.64
734.0	-6.53	-5.87	-4.37	-3.39	-2.38	-0.81	-0.15
735.0	-6.20	-5.68	-4.12	-3.15	-2.17	-0.81	-0.29
736.0	-5.99	-5.47	-4.00	-2.98	-2.01	-0.64	0.14
737.0	-5.82	-5.36	-3.73	-2.87	-2.01	-0.70	-0.17
738.0	-5.62	-5.22	-3.91	-2.98	-2.16	-1.00	-0.60
739.0	-5.52	-5.16	-4.04	-3.05	-2.20	-0.84	-0.46
740.0	-5.60	-5.22	-4.03	-3.17	-2.36	-1.30	-1.00
741.0	-5.97	-5.50	-4.13	-3.15	-2.35	-1.26	-0.88
742.0	-5.61	-5.28	-4.01	-3.15	-2.35	-1.38	-1.13
743.0	-5.70	-5.20	-3.97	-3.14	-2.28	-1.03	-0.67
744.0	-5.53	-5.16	-3.87	-3.01	-2.23	-1.19	-0.87
745.0	-6.04	-5.46	-4.10	-3.17	-2.43	-1.15	-0.83
746.0	-5.98	-5.39	-3.97	-3.18	-2.44	-1.25	-0.84
747.0	-6.28	-5.83	-4.30	-3.31	-2.47	-1.23	-0.70
748.0	-6.28	-5.79	-4.24	-3.34	-2.47	-1.26	-0.90
749.0	-6.97	-6.37	-4.68	-3.62	-2.69	-1.39	-0.76
750.0	-7.33	-6.65	-4.94	-3.79	-2.77	-1.39	-0.79
751.0	-8.11	-7.40	-5.37	-4.14	-3.11	-1.57	-0.98
752.0	-8.62	-7.70	-5.68	-4.58	-3.55	-2.11	-1.77
753.0	-9.22	-8.45	-6.49	-5.23	-3.99	-2.48	-2.01
754.0	-9.07	-8.59	-6.84	-5.68	-4.51	-2.95	-2.59
755.0	-9.14	-8.66	-6.99	-5.74	-4.40	-2.49	-1.76
756.0	-9.27	-8.60	-6.90	-5.77	-4.46	-2.53	-1.79
757.0	-9.35	-8.60	-6.77	-5.54	-4.23	-2.64	-1.81
758.0	-9.07	-8.45	-6.40	-5.22	-4.14	-2.12	-1.62
759.0	-9.11	-8.33	-6.26	-4.88	-3.58	-1.79	-1.29
760.0	-8.40	-7.60	-5.56	-4.35	-3.14	-1.32	-0.70
761.0	-7.48	-6.88	-5.10	-4.02	-2.88	-1.40	-0.97
762.0	-7.39	-6.67	-4.68	-3.62	-2.51	-0.77	-0.07
763.0	-6.48	-6.05	-4.45	-3.39	-2.38	-0.48	0.20
764.0	-6.47	-5.85	-4.18	-3.19	-2.18	-0.40	0.21
765.0	-6.55	-6.06	-4.05	-3.08	-1.77	-0.35	0.06
766.0	-6.22	-5.77	-4.28	-3.09	-1.99	0.05	0.79
767.0	-6.55	-5.87	-4.17	-3.07	-2.02	-0.35	0.29
768.0	-6.51	-6.07	-4.45	-3.30	-2.09	-0.40	-0.02
769.0	-6.72	-6.09	-4.56	-3.43	-2.39	-0.87	-0.16
770.0	-6.64	-6.02	-4.31	-3.22	-2.29	-0.73	-0.05
771.0	-6.57	-5.91	-4.50	-3.45	-2.24	-0.47	0.21
772.0	-6.88	-6.27	-4.60	-3.46	-2.29	-0.10	0.58
773.0	-6.81	-6.14	-4.28	-3.28	-2.25	-0.51	0.22
774.0	-6.43	-5.89	-4.11	-2.85	-1.75	-0.04	0.83
775.0	-6.65	-5.50	-3.80	-2.62	-1.61	0.47	0.89
776.0	-6.31	-5.63	-3.59	-2.51	-1.48	0.01	0.92
777.0	-5.74	-5.02	-3.47	-2.42	-1.34	0.29	0.85
778.0	-5.48	-4.96	-3.59	-2.33	-1.43	-0.05	0.35
779.0	-5.03	-4.63	-3.22	-2.10	-1.03	0.47	0.73
780.0	-4.97	-4.49	-3.06	-2.14	-1.23	0.09	0.86
781.0	-4.98	-4.52	-3.00	-1.90	-1.02	0.20	0.55
782.0	-4.94	-4.35	-2.92	-1.92	-1.09	0.04	0.44
783.0	-5.05	-4.50	-3.10	-2.14	-1.27	-0.14	0.23
784.0	-4.82	-4.32	-2.95	-2.08	-1.19	0.15	0.64
785.0	-4.95	-4.41	-3.13	-2.20	-1.29	0.10	0.63
786.0	-5.08	-4.53	-3.26	-2.45	-1.61	-0.59	-0.05
787.0	-5.12	-4.74	-3.34	-2.59	-1.75	-0.38	-0.01
788.0	-5.66	-5.11	-3.72	-2.78	-1.85	-0.54	0.24
789.0	-5.42	-5.04	-3.85	-2.99	-2.14	-0.94	-0.58
790.0	-6.42	-5.77	-4.17	-3.22	-2.19	-1.07	-0.62
791.0	-7.86	-7.20	-5.17	-4.14	-3.11	-1.79	-1.44
792.0	-8.33	-7.82	-6.18	-5.15	-4.16	-2.86	-2.54
793.0	-8.56	-8.02	-6.45	-5.44	-4.55	-3.42	-3.13
794.0	-9.21	-8.44	-6.69	-5.58	-4.72	-3.48	-3.00
795.0	-8.79	-8.30	-6.94	-5.86	-4.79	-3.49	-3.07
796.0	-9.31	-8.65	-7.04	-6.04	-5.09	-3.85	-3.36
797.0	-9.73	-9.15	-7.25	-6.25	-5.32	-4.14	-3.80
798.0	-10.14	-9.46	-7.70	-6.53	-5.57	-4.06	-3.63
799.0	-10.21	-9.61	-7.93	-6.82	-5.87	-4.40	-3.97
800.0	-10.83	-10.10	-8.07	-6.95	-6.07	-4.74	-4.35
801.0	-10.53	-9.95	-8.24	-7.18	-6.16	-4.80	-4.36
802.0	-10.53	-10.06	-8.33	-7.21	-6.20	-4.75	-4.19
803.0	-10.84	-10.22	-8.14	-7.07	-5.99	-4.68	-4.30
804.0	-9.65	-8.99	-7.39	-6.23	-5.12	-3.73	-3.20
805.0	-9.49	-8.85	-7.13	-6.14	-5.19	-3.77	-3.41
806.0	-9.58	-8.99	-7.23	-6.10	-5.11	-3.48	-3.03
807.0	-9.39	-8.80	-7.08	-6.11	-5.02	-3.54	-3.00
808.0	-9.11	-8.46	-6.76	-5.79	-4.83	-3.53	-3.21
809.0	-8.91	-8.41	-6.73	-5.67	-4.68	-3.23	-2.74
810.0	-8.75	-8.38	-6.73	-5.64	-4.62	-3.12	-2.59
811.0	-8.49	-7.91	-6.18	-5.22	-4.24	-2.67	-2.20
812.0	-8.31	-7.72	-5.91	-4.99	-4.05	-2.74	-2.38
813.0	-8.05	-7.25	-5.80	-4.78	-3.86	-2.62	-2.32
814.0	-7.54	-7.03	-5.55	-4.54	-3.55	-2.23	-1.67
815.0	-7.26	-6.65	-5.16	-4.12	-3.22	-1.87	-1.56
816.0	-6.99	-6.49	-4.96	-4.06	-3.14	-1.86	-1.44
817.0	-6.99	-6.50	-5.02	-4.05	-3.20	-1.82	-1.35
818.0	-6.61	-6.23	-4.87	-3.96	-3.12	-1.71	-1.44
819.0	-6.67	-6.19	-4.93	-3.95	-2.99	-1.95	-1.32
820.0	-6.78	-6.27	-4.68	-3.73	-2.89	-1.73	-1.53
821.0	-6.55	-6.06	-4.62	-3.65	-2.77	-1.49	-1.01
822.0	-6.63	-6.13	-4.55	-3.58	-2.62	-1.23	-0.50
823.0	-5.63	-5.21	-3.81	-2.88	-1.97	-0.64	-0.41
824.0	-4.83	-4.38	-3.28	-2.37	-1.51	-0.02	0.21
825.0	-4.64	-4.26	-3.00	-2.15	-1.24	-0.01	0.33
826.0	-4.79	-4.28	-2.86	-2.03	-1.21	0.15	0.58
827.0	-4.75	-4.35	-2.93	-2.15	-1.36	0.05	0.57
828.0	-5.32	-4.82	-3.15	-2.26	-1.45	-0.33	0.37
829.0	-4.96	-4.43	-3.26	-2.44	-1.55	-0.30	0.17
830.0	-5.43	-4.88	-3.53	-2.72	-1.81	-0.61	-0.16
831.0	-5.52	-5.10	-3.88	-3.01	-2.10	-0.99	-0.72
832.0	-5.99	-5.46	-4.12	-3.11	-2.35	-0.98	-0.44
833.0	-5.86	-5.48	-3.94	-3.13	-2.27	-0.94	-0.53
834.0	-6.28	-5.72	-4.15	-3.28	-2.43	-1.31	-0.73
835.0	-6.22	-5.61	-4.08	-3.23	-2.47	-1.29	-0.72
836.0	-6.24	-5.76	-4.23	-3.35	-2.46	-1.10	-0.89
837.0	-6.24	-5.65	-4.44	-3.51	-2.60	-1.27	-0.83
838.0	-6.12	-5.59	-4.32	-3.40	-2.48	-1.14	-0.69
839.0	-6.21	-5.67	-4.24	-3.40	-2.58	-1.53	-1.16
840.0	-6.05	-5.52	-4.10	-3.30	-2.44	-1.15	-0.61
841.0	-5.73	-5.31	-4.06	-3.12	-2.27	-1.08	-0.81
842.0	-5.42	-5.01	-3.76	-2.83	-2.06	-0.81	-0.30
843.0	-5.37	-4.95	-3.50	-2.69	-1.85	-0.47	0.21
844.0	-5.74	-5.27	-3.74	-2.70	-1.80	-0.61	-0.29
845.0	-5.42	-4.92	-3.61	-2.72	-1.95	-0.76	-0.49
846.0	-5.57	-5.01	-3.58	-2.75	-1.82	-0.55	-0.29
847.0	-6.06	-5.28	-3.70	-2.83	-2.03	-0.56	0.08
848.0	-5.73	-5.30	-3.77	-2.97	-2.07	-0.81	-0.53
849.0	-5.89	-5.37	-3.90	-3.02	-2.07	-0.97	-0.23
850.0	-5.76	-5.39	-3.80	-2.85	-1.94	-0.38	0.37
851.0	-5.80	-5.25	-3.55	-2.50	-1.54	0.18	0.53
852.0	-4.94	-4.47	-3.07	-2.17	-1.04	0.51	0.94
853.0	-4.48	-4.16	-2.89	-1.98	-1.04	0.55	1.03
854.0	-5.02	-4.42	-3.05	-2.01	-1.11	0.60	1.23
855.0	-4.75	-4.23	-2.70	-1.81	-0.99	0.62	0.97
856.0	-4.66	-4.18	-2.72	-1.67	-0.63	0.97	1.47
857.0	-4.16	-3.66	-2.46	-1.56	-0.49	0.81	1.38
858.0	-5.20	-4.52	-2.57	-1.48	-0.50	0.78	1.15
859.0	-4.90	-4.29	-2.85	-1.75	-0.71	0.57	1.05
860.0	-4.69	-4.19	-2.69	-1.70	-0.58	0.95	1.43
861.0	-4.58	-3.95	-2.50	-1.59	-0.66	0.74	1.25
862.0	-4.18	-3.79	-2.47	-1.59	-0.79	0.73	1.11
863.0	-4.58	-4.03	-2.63	-1.69	-0.85	0.65	1.40
864.0	-4.64	-4.12	-2.55	-1.60	-0.74	0.38	0.74
865.0	-4.12	-3.76	-2.54	-1.73	-0.96	0.53	0.94
866.0	-4.97	-4.47	-2.81	-1.95	-1.17	0.22	0.48
867.0	-4.53	-4.14	-2.85	-1.93	-1.09	0.05	0.53
868.0	-4.76	-4.28	-3.13	-2.31	-1.55	-0.40	0.21
869.0	-5.73	-5.17	-3.75	-2.82	-2.03	-1.01	-0.83
870.0	-5.99	-5.64	-4.07	-3.23	-2.26	-1.14	-0.84
871.0	-6.34	-5.91	-4.55	-3.69	-2.74	-1.42	-1.01
872.0	-6.97	-6.39	-5.06	-4.15	-3.19	-2.04	-1.58
873.0	-7.02	-6.46	-5.13	-4.20	-3.38	-2.15	-1.84
874.0	-7.31	-6.74	-5.43	-4.53	-3.51	-2.28	-1.92
875.0	-7.45	-6.99	-5.36	-4.41	-3.51	-2.20	-1.90
876.0	-7.09	-6.52	-5.25	-4.30	-3.50	-2.16	-1.88
877.0	-7.01	-6.56	-5.08	-4.22	-3.36	-2.01	-1.57
878.0	-7.20	-6.71	-5.29	-4.35	-3.51	-2.57	-2.20
879.0	-7.30	-6.91	-5.37	-4.40	-3.58	-2.28	-1.78
880.0	-7.32	-6.85	-5.46	-4.58	-3.65	-2.31	-1.80
881.0	-7.20	-6.90	-5.57	-4.64	-3.70	-2.46	-2.13
882.0	-7.00	-6.57	-5.05	-4.17	-3.36	-2.08	-1.75
883.0	-6.99	-6.51	-5.15	-4.30	-3.47	-2.21	-1.78
884.0	-7.03	-6.59	-5.18	-4.27	-3.39	-2.13	-1.69
885.0	-6.90	-6.41	-5.02	-4.19	-3.43	-2.30	-1.73
886.0	-6.91	-6.46	-4.89	-4.09	-3.22	-2.17	-1.85
887.0	-6.94	-6.64	-5.05	-4.15	-3.29	-1.79	-1.12
888.0	-6.79	-6.43	-5.06	-4.26	-3.43	-2.10	-1.65
889.0	-7.23	-6.76	-5.29	-4.41	-3.53	-2.23	-1.71
890.0	-7.21	-6.72	-5.31	-4.39	-3.60	-2.39	-1.87
891.0	-7.33	-7.01	-5.57	-4.63	-3.67	-2.39	-1.91
892.0	-7.52	-7.01	-5.59	-4.67	-3.79	-2.18	-1.66
893.0	-7.56	-7.11	-5.61	-4.70	-3.68	-2.26	-1.70
894.0	-8.37	-7.77	-6.21	-5.23	-4.22	-2.88	-2.52
895.0	-9.11	-8.15	-6.52	-5.54	-4.58	-2.82	-2.43
896.0	-8.48	-7.83	-6.47	-5.51	-4.56	-2.96	-2.47
897.0	-8.77	-8.20	-6.49	-5.55	-4.65	-3.05	-2.48
898.0	-8.51	-7.96	-6.49	-5.47	-4.45	-2.89	-2.45
899.0	-8.45	-7.84	-6.36	-5.36	-4.35	-2.85	-2.50
900.0	-8.51	-7.97	-6.40	-5.31	-4.21	-2.70	-2.26
901.0	-8.43	-7.63	-5.93	-4.88	-3.88	-2.39	-1.82
902.0	-7.61	-7.14	-5.50	-4.50	-3.54	-2.08	-1.67
903.0	-7.30	-6.86	-5.38	-4.45	-3.54	-2.27	-1.70
904.0	-7.32	-6.76	-5.27	-4.32	-3.34	-2.16	-1.91
905.0	-7.41	-6.96	-5.40	-4.36	-3.36	-2.17	-1.83
906.0	-7.64	-7.14	-5.60	-4.59	-3.63	-2.37	-1.89
907.0	-7.38	-6.94	-5.55	-4.69	-3.82	-2.55	-2.03
908.0	-7.61	-7.06	-5.28	-4.24	-3.41	-2.18	-1.86
909.0	-6.90	-6.32	-4.89	-4.08	-3.24	-2.17	-1.70
910.0	-6.75	-6.27	-4.94	-4.05	-3.30	-1.98	-1.65
911.0	-6.83	-6.34	-4.93	-4.03	-3.22	-2.16	-1.88
912.0	-6.99	-6.54	-5.10	-4.16	-3.31	-2.00	-1.70
913.0	-7.13	-6.68	-5.36	-4.47	-3.65	-2.41	-1.99
914.0	-8.10	-7.42	-5.76	-4.81	-3.91	-2.60	-2.22
915.0	-8.23	-7.64	-6.17	-5.22	-4.31	-3.05	-2.61
916.0	-8.39	-7.86	-6.41	-5.45	-4.55	-3.36	-2.89
917.0	-8.49	-7.92	-6.51	-5.52	-4.53	-3.26	-2.88
918.0	-8.94	-8.48	-6.92	-5.95	-5.09	-3.88	-3.68
919.0	-9.14	-8.62	-7.06	-6.03	-5.09	-3.72	-3.37
920.0	-9.37	-8.70	-7.16	-6.20	-5.22	-3.95	-3.57
921.0	-9.86	-9.19	-7.30	-6.20	-5.21	-4.08	-3.72
922.0	-9.87	-9.03	-7.46	-6.39	-5.35	-3.91	-3.52
923.0	-9.75	-9.23	-7.52	-6.39	-5.39	-4.02	-3.45
924.0	-9.48	-9.01	-7.37	-6.29	-5.25	-3.73	-3.31
925.0	-9.46	-8.83	-7.10	-6.11	-5.10	-3.68	-3.27
926.0	-9.75	-9.01	-7.10	-6.03	-5.14	-3.76	-3.35
927.0	-9.21	-8.57	-6.93	-5.91	-4.95	-3.73	-3.36
928.0	-9.03	-8.46	-6.89	-5.85	-4.87	-3.53	-3.05
929.0	-9.18	-8.44	-6.76	-5.82	-4.85	-3.47	-3.02
930.0	-8.70	-8.03	-6.41	-5.44	-4.55	-3.26	-2.79
931.0	-8.17	-7.63	-5.88	-4.90	-3.99	-2.61	-2.18
932.0	-7.45	-7.04	-5.53	-4.64	-3.78	-2.57	-2.09
933.0	-7.32	-6.90	-5.30	-4.36	-3.44	-2.13	-1.72
934.0	-6.79	-6.25	-4.97	-4.00	-3.15	-1.63	-1.31
935.0	-6.72	-6.18	-4.77	-3.85	-2.97	-1.70	-1.18
936.0	-6.66	-6.26	-4.83	-3.89	-2.89	-1.68	-1.36
937.0	-7.04	-6.61	-5.00	-4.04	-3.19	-1.92	-1.55
938.0	-6.89	-6.52	-5.09	-4.06	-2.98	-1.77	-1.52
939.0	-6.69	-6.32	-4.79	-3.93	-3.09	-1.87	-1.57
940.0	-6.68	-6.21	-4.86	-3.90	-3.03	-1.79	-1.36
941.0	-6.75	-5.99	-4.45	-3.47	-2.47	-1.10	-0.39
942.0	-5.20	-4.85	-3.54	-2.60	-1.69	-0.45	-0.10
943.0	-5.31	-4.86	-3.39	-2.38	-1.57	-0.23	0.20
944.0	-5.12	-4.66	-3.24	-2.31	-1.38	0.35	0.62
945.0	-4.77	-4.29	-2.74	-1.89	-1.04	0.33	0.75
946.0	-4.67	-4.18	-2.57	-1.71	-0.77	0.27	0.64
947.0	-3.97	-3.43	-2.29	-1.36	-0.46	0.88	1.23
948.0	-3.87	-3.50	-2.18	-1.14	-0.32	1.11	1.47
949.0	-3.81	-3.41	-1.87	-1.07	-0.26	1.24	1.50
950.0	-3.33	-2.89	-1.66	-0.62	0.23	1.57	2.01
951.0	-2.81	-2.36	-1.03	-0.13	0.71	2.45	3.00
952.0	-2.41	-1.91	-0.59	0.15	0.99	2.33	2.75
953.0	-2.06	-1.68	-0.49	0.45	1.14	2.46	2.83
954.0	-2.12	-1.71	-0.30	0.56	1.41	2.57	3.01
955.0	-2.23	-1.67	-0.48	0.26	1.16	2.39	2.85
956.0	-2.13	-1.80	-0.58	0.32	1.13	2.46	2.95
957.0	-2.83	-2.21	-0.81	0.11	1.01	2.56	2.95
958.0	-2.79	-2.12	-0.82	0.02	0.80	2.07	2.54
959.0	-3.75	-3.33	-1.85	-0.80	0.15	1.57	2.23
960.0	-4.60	-4.08	-2.75	-1.71	-0.77	0.64	1.00
961.0	-4.55	-4.02	-2.80	-2.04	-1.19	0.25	0.62
962.0	-5.28	-4.70	-3.22	-2.31	-1.47	-0.23	0.56
963.0	-5.09	-4.73	-3.61	-2.77	-2.04	-0.65	-0.23
964.0	-5.80	-5.30	-3.93	-3.00	-2.12	-0.86	-0.47
965.0	-6.55	-5.96	-4.40	-3.44	-2.60	-1.17	-0.78
966.0	-6.82	-6.35	-4.93	-3.88	-2.91	-1.68	-1.21
967.0	-7.72	-7.25	-5.31	-4.21	-3.33	-1.76	-0.99
968.0	-7.76	-7.25	-5.44	-4.33	-3.28	-1.81	-1.49
969.0	-7.56	-7.02	-5.44	-4.45	-3.42	-1.90	-1.47
970.0	-7.26	-6.72	-5.09	-3.94	-3.03	-1.72	-1.20
971.0	-6.76	-6.23	-4.81	-3.72	-2.71	-1.44	-0.95
972.0	-6.28	-5.65	-4.28	-3.33	-2.49	-1.23	-0.98
973.0	-6.14	-5.72	-4.14	-3.21	-2.30	-1.18	-0.71
974.0	-6.04	-5.59	-4.07	-3.15	-2.31	-1.05	-0.54
975.0	-5.73	-5.38	-4.01	-3.10	-2.11	-0.95	-0.30
976.0	-5.43	-5.03	-3.68	-2.72	-1.91	-0.82	-0.44
977.0	-5.42	-4.99	-3.56	-2.66	-1.83	-0.61	-0.34
978.0	-5.13	-4.72	-3.42	-2.60	-1.79	-0.61	-0.18
979.0	-5.29	-4.76	-3.29	-2.42	-1.58	-0.38	-0.02
980.0	-5.43	-4.93	-3.49	-2.56	-1.83	-0.83	-0.18
981.0	-4.97	-4.71	-3.60	-2.88	-2.04	-0.82	-0.54
982.0	-5.75	-5.19	-3.85	-2.95	-2.04	-0.97	-0.75
983.0	-5.89	-5.55	-4.08	-3.15	-2.26	-1.21	-0.87
984.0	-5.97	-5.52	-4.10	-3.25	-2.42	-1.40	-0.86
985.0	-5.56	-5.21	-3.99	-3.14	-2.34	-1.12	-0.73
986.0	-5.83	-5.44	-4.12	-3.23	-2.41	-1.23	-0.82
987.0	-5.81	-5.42	-4.27	-3.41	-2.58	-1.56	-1.13
988.0	-6.25	-5.67	-4.20	-3.27	-2.44	-1.23	-0.91
989.0	-5.88	-5.34	-3.83	-3.06	-2.25	-1.27	-0.84
990.0	-5.80	-5.42	-3.94	-3.17	-2.31	-1.26	-0.73
991.0	-5.76	-5.36	-3.82	-2.93	-2.09	-1.00	-0.66
992.0	-5.61	-5.04	-3.72	-2.85	-2.02	-0.85	-0.50
993.0	-5.07	-4.60	-3.32	-2.53	-1.69	-0.50	0.02
994.0	-5.10	-4.69	-3.36	-2.41	-1.63	-0.15	0.18
995.0	-4.90	-4.42	-3.14	-2.30	-1.60	-0.24	0.05
996.0	-4.90	-4.57	-3.21	-2.31	-1.53	-0.39	0.16
997.0	-5.00	-4.51	-3.07	-2.30	-1.57	-0.42	-0.05
998.0	-4.91	-4.32	-3.09	-2.28	-1.52	-0.24	0.05
999.0	-5.07	-4.73	-3.37	-2.55	-1.67	-0.52	0.01
1000.0	-5.41	-4.96	-3.55	-2.74	-1.96	-0.80	-0.29
1001.0	-5.67	-5.19	-3.78	-2.97	-2.14	-0.91	-0.63
1002.0	-5.86	-5.40	-4.14	-3.29	-2.52	-1.10	-0.79
1003.0	-6.08	-5.59	-4.32	-3.42	-2.59	-1.20	-0.74
1004.0	-6.41	-5.98	-4.48	-3.58	-2.63	-1.47	-1.07
1005.0	-6.56	-6.02	-4.55	-3.63	-2.89	-1.75	-1.27
1006.0	-7.09	-6.46	-4.72	-3.78	-2.99	-1.70	-1.39
1007.0	-6.67	-6.18	-4.78	-3.88	-3.03	-1.93	-1.57
1008.0	-7.01	-6.60	-5.03	-4.09	-3.21	-2.08	-1.59
1009.0	-7.14	-6.72	-5.33	-4.19	-3.29	-2.00	-1.60
1010.0	-7.83	-6.96	-5.22	-4.32	-3.40	-2.17	-1.89
1011.0	-7.22	-6.69	-5.21	-4.27	-3.32	-1.96	-1.61
1012.0	-6.75	-6.42	-5.04	-4.23	-3.36	-2.06	-1.66
1013.0	-7.16	-6.62	-4.98	-3.97	-3.12	-1.87	-1.47
1014.0	-6.72	-6.23	-4.65	-3.69	-2.81	-1.68	-1.05
1015.0	-6.21	-5.77	-4.25	-3.40	-2.61	-1.33	-1.01
1016.0	-5.94	-5.62	-4.22	-3.30	-2.44	-1.42	-1.20
1017.0	-5.66	-5.26	-3.92	-3.14	-2.37	-1.13	-0.93
1018.0	-5.87	-5.24	-3.87	-2.96	-2.13	-0.82	-0.41
1019.0	-5.43	-5.11	-3.73	-2.80	-1.93	-0.58	-0.04
1020.0	-5.51	-4.87	-3.52	-2.63	-1.90	-0.66	0.12
1021.0	-5.07	-4.60	-3.39	-2.51	-1.54	-0.30	0.23
1022.0	-4.77	-4.38	-3.03	-2.32	-1.47	-0.06	0.58
1023.0	-4.65	-4.13	-2.74	-1.88	-1.05	-0.07	0.22
1024.0	-3.91	-3.62	-2.46	-1.68	-0.88	0.29	0.65
1025.0	-4.17	-3.82	-2.36	-1.52	-0.85	0.60	0.84
1026.0	-3.81	-3.43	-2.29	-1.36	-0.53	0.86	1.21
1027.0	-3.95	-3.56	-2.50	-1.69	-0.79	0.50	1.06
1028.0	-4.48	-3.90	-2.43	-1.68	-0.84	0.23	0.70
1029.0	-4.34	-3.96	-2.63	-1.88	-0.97	0.38	0.73
1030.0	-4.80	-4.31	-2.82	-1.96	-1.07	0.17	0.72
1031.0	-4.79	-4.32	-3.04	-2.04	-1.18	0.04	0.74
1032.0	-4.94	-4.60	-3.14	-2.28	-1.39	-0.04	0.18
1033.0	-5.25	-4.81	-3.26	-2.44	-1.56	-0.28	0.40
1034.0	-5.62	-5.05	-3.60	-2.74	-1.92	-0.53	-0.18
1035.0	-5.65	-5.08	-3.65	-2.61	-1.75	-0.44	-0.08
1036.0	-5.70	-5.19	-3.71	-2.72	-1.85	-0.53	0.15
1037.0	-6.14	-5.59	-4.07	-3.10	-2.12	-0.67	-0.03
1038.0	-6.50	-6.00	-4.65	-3.63	-2.66	-1.37	-0.87
1039.0	-6.76	-6.25	-4.69	-3.73	-2.80	-1.46	-1.06
1040.0	-6.72	-6.39	-4.99	-3.96	-2.85	-1.34	-0.88
1041.0	-7.26	-6.69	-5.22	-4.08	-3.02	-1.56	-0.85
1042.0	-7.21	-6.66	-5.22	-4.17	-3.25	-1.88	-1.22
1043.0	-8.01	-7.35	-5.52	-4.50	-3.54	-2.10	-1.53
1044.0	-7.69	-7.13	-5.67	-4.60	-3.60	-2.23	-1.59
1045.0	-7.67	-7.24	-5.71	-4.61	-3.56	-1.81	-1.19
1046.0	-8.63	-8.01	-5.85	-4.68	-3.75	-2.01	-1.27
1047.0	-8.85	-7.92	-6.18	-5.03	-3.84	-1.99	-1.21
1048.0	-9.23	-8.67	-6.44	-5.26	-4.03	-2.13	-1.11
1049.0	-9.71	-8.90	-6.66	-5.35	-3.96	-2.36	-1.93
1050.0	-9.67	-8.88	-6.57	-5.24	-3.83	-1.85	-1.46
1051.0	-9.64	-8.92	-6.72	-5.33	-4.06	-2.00	-1.49
1052.0	-9.66	-8.77	-6.29	-4.75	-3.54	-1.48	-0.88
1053.0	-9.49	-8.72	-6.22	-4.69	-3.35	-1.81	-0.98
1054.0	-8.40	-7.58	-5.76	-4.37	-3.10	-1.28	-0.67
1055.0	-8.82	-8.15	-5.61	-4.25	-2.96	-1.25	-0.66
1056.0	-7.75	-7.18	-5.36	-4.12	-3.10	-1.45	-0.92
1057.0	-7.83	-7.22	-5.30	-4.11	-3.00	-1.56	-1.16
1058.0	-7.42	-6.77	-4.98	-3.96	-2.99	-1.70	-1.07
1059.0	-6.50	-5.99	-4.54	-3.60	-2.70	-1.50	-0.98
1060.0	-6.36	-5.85	-4.37	-3.30	-2.48	-1.15	-0.77
1061.0	-5.77	-5.11	-3.70	-2.85	-2.06	-1.07	-0.70
1062.0	-5.82	-5.26	-3.69	-2.75	-1.88	-0.87	-0.32
1063.0	-5.36	-5.01	-3.57	-2.69	-1.79	-0.27	0.08
1064.0	-4.93	-4.66	-3.18	-2.28	-1.42	-0.10	0.46
1065.0	-5.28	-4.65	-3.11	-2.24	-1.25	0.23	0.56
1066.0	-5.30	-4.81	-3.12	-1.92	-0.89	0.44	1.04
1067.0	-5.11	-4.47	-2.79	-1.77	-0.64	1.07	1.58
1068.0	-5.26	-4.66	-2.48	-1.35	-0.43	1.22	1.96
1069.0	-4.90	-4.37	-2.70	-1.49	-0.45	1.27	1.90
1070.0	-5.24	-4.45	-2.43	-1.08	0.42	2.29	2.77
1071.0	-5.23	-4.48	-2.45	-1.06	0.46	2.15	2.86
1072.0	-5.83	-4.83	-2.38	-0.96	0.39	2.33	2.90
1073.0	-5.34	-4.40	-1.91	-0.92	0.22	2.16	2.68
1074.0	-4.96	-4.08	-2.06	-0.84	0.45	2.28	2.69
1075.0	-4.38	-3.51	-2.00	-0.92	0.30	2.13	2.50
1076.0	-3.90	-3.25	-1.58	-0.43	0.59	2.13	2.71
1077.0	-3.66	-3.16	-1.42	-0.48	0.31	1.74	2.15
1078.0	-3.78	-3.05	-1.63	-0.70	0.23	1.51	1.99
1079.0	-3.50	-3.10	-1.60	-0.75	0.03	1.17	1.70
1080.0	-3.34	-2.97	-1.68	-0.94	-0.10	1.29	1.63
1081.0	-3.64	-2.98	-1.80	-0.93	-0.15	1.01	1.59
1082.0	-3.28	-2.88	-1.76	-0.94	-0.17	0.84	1.21
1083.0	-3.49	-3.02	-1.83	-1.08	-0.39	0.73	1.10
1084.0	-3.68	-3.26	-2.10	-1.19	-0.44	0.74	1.07
1085.0	-3.66	-3.17	-2.01	-1.09	-0.37	0.83	1.16
1086.0	-3.44	-3.08	-1.81	-0.95	-0.17	1.22	1.62
1087.0	-3.69	-3.22	-1.89	-1.10	-0.38	0.73	1.12
1088.0	-3.65	-3.20	-1.99	-1.17	-0.36	0.78	1.14
1089.0	-4.03	-3.63	-2.28	-1.48	-0.59	0.77	1.33
1090.0	-4.33	-3.81	-2.61	-1.77	-1.07	0.15	0.54
1091.0	-4.69	-4.23	-2.93	-2.03	-1.26	-0.03	0.47
1092.0	-4.69	-4.35	-3.32	-2.42	-1.46	0.05	0.36
1093.0	-5.22	-4.77	-3.36	-2.49	-1.62	-0.32	0.06
1094.0	-5.43	-4.97	-3.70	-2.85	-2.08	-0.41	0.13
1095.0	-6.09	-5.50	-3.98	-3.04	-2.16	-0.63	-0.14
1096.0	-5.97	-5.61	-4.20	-3.38	-2.43	-1.09	-0.65
1097.0	-6.02	-5.68	-4.36	-3.39	-2.36	-1.08	-0.67
1098.0	-6.24	-5.91	-4.35	-3.34	-2.42	-0.84	-0.28
1099.0	-6.43	-5.87	-4.36	-3.53	-2.52	-0.93	-0.39
1100.0	-6.35	-5.93	-4.32	-3.33	-2.43	-0.89	-0.55
1101.0	-6.60	-5.91	-4.31	-3.36	-2.44	-0.91	-0.46
1102.0	-6.71	-6.17	-4.66	-3.62	-2.61	-1.15	-0.69
1103.0	-6.76	-6.38	-4.61	-3.63	-2.48	-0.85	-0.50
1104.0	-7.16	-6.51	-4.81	-3.81	-2.77	-1.16	-0.40
1105.0	-6.95	-6.43	-5.10	-3.93	-2.95	-1.26	-0.60
1106.0	-7.26	-6.58	-4.74	-3.60	-2.49	-1.33	-0.81
1107.0	-7.09	-6.47	-4.63	-3.59	-2.51	-1.01	-0.26
1108.0	-6.34	-5.80	-4.31	-3.24	-2.28	-0.87	-0.22
1109.0	-6.06	-5.60	-3.91	-3.03	-2.05	-0.77	-0.42
1110.0	-5.76	-5.29	-3.97	-2.95	-2.00	-0.80	-0.54
1111.0	-5.73	-5.24	-3.84	-3.00	-2.19	-0.86	-0.22
1112.0	-5.76	-5.28	-3.94	-2.98	-2.10	-0.71	-0.36
1113.0	-5.98	-5.48	-3.97	-3.02	-2.17	-1.12	-0.71
1114.0	-6.95	-6.05	-4.70	-3.77	-2.80	-1.21	-0.84
1115.0	-7.56	-7.05	-5.38	-4.40	-3.41	-2.18	-1.85
1116.0	-7.96	-7.26	-5.55	-4.48	-3.61	-2.25	-1.92
1117.0	-8.04	-7.46	-5.76	-4.69	-3.76	-2.26	-1.73
1118.0	-8.35	-7.87	-6.15	-5.12	-4.18	-2.99	-2.72
1119.0	-8.37	-7.85	-6.29	-5.33	-4.28	-2.82	-2.25
1120.0	-8.46	-8.03	-6.44	-5.36	-4.40	-3.01	-2.64
1121.0	-8.77	-8.19	-6.55	-5.57	-4.57	-3.13	-2.83
1122.0	-8.89	-8.26	-6.55	-5.57	-4.60	-3.20	-2.70
1123.0	-9.03	-8.42	-6.73	-5.58	-4.67	-3.36	-2.84
1124.0	-8.95	-8.36	-6.80	-5.74	-4.73	-3.49	-3.12
1125.0	-8.98	-8.26	-6.65	-5.54	-4.47	-3.00	-2.56
1126.0	-7.95	-7.53	-5.97	-5.03	-4.04	-2.35	-1.91
1127.0	-8.25	-7.69	-6.07	-5.00	-4.02	-2.55	-1.75
1128.0	-8.53	-7.95	-6.44	-5.32	-4.32	-2.41	-1.93
1129.0	-9.06	-8.45	-6.63	-5.64	-4.61	-2.90	-2.33
1130.0	-9.33	-8.71	-7.02	-5.89	-4.78	-2.95	-2.23
1131.0	-9.40	-8.69	-7.02	-5.92	-4.80	-3.34	-2.69
1132.0	-9.85	-9.06	-7.15	-6.08	-4.89	-2.83	-1.67
1133.0	-9.71	-9.09	-7.17	-5.94	-4.66	-2.92	-2.35
1134.0	-10.18	-9.51	-7.31	-5.92	-4.69	-2.58	-1.92
1135.0	-10.07	-9.11	-7.02	-5.76	-4.51	-2.67	-2.23
1136.0	-9.94	-9.38	-7.12	-5.76	-4.37	-1.52	-0.83
1137.0	-9.73	-9.10	-6.80	-5.39	-3.78	-1.69	-0.22
1138.0	-10.03	-9.27	-6.81	-5.60	-4.24	-1.80	-0.97
1139.0	-10.55	-9.68	-7.05	-5.50	-3.88	-1.00	-0.36
1140.0	-10.54	-9.68	-7.13	-5.64	-4.11	-1.52	0.13
1141.0	-10.81	-9.95	-7.00	-5.59	-4.09	-1.94	-1.04
1142.0	-10.41	-9.60	-6.91	-5.50	-3.96	-1.72	-1.07
1143.0	-11.23	-9.74	-6.86	-5.38	-3.77	-1.14	-0.69
1144.0	-10.02	-9.11	-6.64	-5.21	-3.76	-1.74	-0.44
1145.0	-9.81	-8.88	-6.52	-5.01	-3.79	-1.75	-0.98
1146.0	-9.49	-8.78	-6.34	-4.93	-3.64	-1.54	-0.77
1147.0	-9.29	-8.36	-6.03	-4.82	-3.63	-1.91	-1.43
1148.0	-8.35	-7.85	-5.80	-4.66	-3.42	-1.60	-1.08
1149.0	-8.08	-7.60	-5.70	-4.53	-3.47	-1.84	-1.30
1150.0	-7.93	-7.36	-5.55	-4.61	-3.48	-1.89	-1.48
1151.0	-8.18	-7.59	-5.64	-4.48	-3.43	-1.90	-1.11
1152.0	-7.71	-7.19	-5.73	-4.59	-3.57	-2.00	-1.30
1153.0	-7.90	-7.41	-5.77	-4.65	-3.54	-1.90	-1.49
1154.0	-8.20	-7.54	-5.82	-4.73	-3.69	-2.29	-1.69
1155.0	-8.11	-7.62	-5.89	-4.74	-3.69	-2.24	-1.74
1156.0	-8.19	-7.56	-5.89	-4.77	-3.75	-2.10	-1.69
1157.0	-7.96	-7.46	-5.72	-4.61	-3.58	-1.99	-1.31
1158.0	-7.67	-7.12	-5.40	-4.29	-3.25	-1.85	-1.36
1159.0	-6.39	-5.82	-4.36	-3.32	-2.23	-0.71	-0.15
1160.0	-5.33	-4.83	-3.46	-2.53	-1.45	0.02	0.47
1161.0	-5.00	-4.64	-3.17	-2.06	-1.17	0.26	0.64
1162.0	-4.89	-4.41	-2.74	-1.91	-0.93	0.55	0.96
1163.0	-4.25	-3.85	-2.63	-1.84	-0.82	0.65	1.04
1164.0	-4.94	-4.34	-2.80	-1.95	-0.94	0.58	1.16
1165.0	-4.45	-4.01	-2.62	-1.79	-0.84	0.91	1.42
1166.0	-4.64	-4.09	-2.77	-1.86	-0.79	0.58	1.26
1167.0	-4.83	-4.13	-2.71	-1.77	-0.81	0.53	1.27
1168.0	-5.02	-4.51	-2.87	-1.79	-0.64	0.78	1.39
1169.0	-4.67	-4.22	-2.86	-1.81	-0.77	0.77	1.44
1170.0	-4.99	-4.55	-3.01	-1.93	-1.05	0.58	1.47
1171.0	-4.65	-4.24	-2.84	-1.67	-0.79	0.94	1.65
1172.0	-5.22	-4.23	-2.69	-1.62	-0.71	0.98	1.74
1173.0	-4.57	-4.08	-2.73	-1.79	-0.79	1.09	1.54
1174.0	-4.67	-4.17	-2.73	-1.70	-0.80	0.81	1.45
1175.0	-4.42	-4.02	-2.59	-1.55	-0.60	1.07	1.56
1176.0	-4.46	-3.99	-2.65	-1.78	-0.93	0.94	1.57
1177.0	-4.60	-4.05	-2.65	-1.71	-0.66	0.83	1.20
1178.0	-4.59	-4.22	-2.64	-1.71	-0.73	0.87	1.31
1179.0	-4.13	-3.80	-2.50	-1.53	-0.57	1.07	1.66
1180.0	-3.91	-3.54	-2.23	-1.42	-0.52	0.89	1.19
1181.0	-3.97	-3.69	-2.31	-1.38	-0.54	1.22	1.72
1182.0	-3.82	-3.42	-2.37	-1.44	-0.46	1.19	1.56
1183.0	-4.43	-3.74	-2.43	-1.40	-0.48	1.29	1.64
1184.0	-4.38	-3.84	-2.27	-1.34	-0.51	1.07	1.63
1185.0	-4.21	-3.66	-2.22	-1.17	-0.31	0.87	1.22
1186.0	-4.43	-3.69	-2.11	-1.22	-0.22	1.29	1.56
1187.0	-4.12	-3.55	-1.97	-1.12	-0.18	1.14	1.48
1188.0	-3.91	-3.43	-1.87	-0.97	0.01	1.26	1.97
1189.0	-4.29	-3.63	-1.92	-0.98	0.01	1.37	1.83
1190.0	-4.58	-3.95	-2.04	-1.02	0.10	1.46	2.13
1191.0	-4.77	-4.17	-2.29	-1.18	-0.07	1.41	1.87
1192.0	-4.85	-4.42	-2.63	-1.48	-0.30	1.19	1.71
1193.0	-5.58	-4.75	-2.96	-1.77	-0.54	1.12	1.57
1194.0	-5.68	-4.93	-2.99	-1.85	-0.65	1.22	2.03
1195.0	-5.68	-5.05	-3.31	-2.11	-0.67	1.03	1.71
1196.0	-6.72	-5.87	-3.71	-2.60	-1.29	0.71	2.14
1197.0	-6.38	-5.66	-3.83	-2.43	-1.10	0.71	1.50
1198.0	-7.13	-6.13	-3.95	-2.75	-1.37	0.64	1.39
1199.0	-6.88	-6.23	-4.12	-2.83	-1.57	0.99	2.00
1200.0	-7.19	-6.37	-4.01	-2.69	-1.44	0.86	1.70
1201.0	-6.93	-6.20	-4.07	-2.69	-1.43	0.58	1.01
1202.0	-6.74	-5.98	-4.20	-3.06	-1.77	0.13	0.91
1203.0	-7.20	-6.43	-4.43	-3.34	-2.09	-0.24	0.50
1204.0	-7.13	-6.63	-4.86	-3.80	-2.63	-1.13	-0.67
1205.0	-7.47	-6.82	-5.07	-3.95	-2.88	-1.05	-0.66
1206.0	-7.28	-6.64	-4.92	-3.85	-2.89	-0.85	-0.38
1207.0	-6.67	-6.24	-4.68	-3.68	-2.67	-1.31	-0.41
1208.0	-6.23	-5.76	-4.46	-3.43	-2.45	-0.94	-0.64
1209.0	-6.16	-5.74	-4.33	-3.37	-2.38	-1.08	-0.67
1210.0	-6.39	-5.80	-4.39	-3.39	-2.41	-0.88	-0.41
1211.0	-6.07	-5.47	-4.25	-3.36	-2.50	-1.13	-0.73
1212.0	-6.26	-5.82	-4.27	-3.32	-2.53	-1.07	-0.62
1213.0	-6.32	-5.83	-4.48	-3.51	-2.48	-0.93	-0.50
1214.0	-6.96	-6.51	-4.76	-3.59	-2.56	-0.90	-0.38
1215.0	-7.16	-6.63	-4.74	-3.62	-2.66	-1.09	-0.24
1216.0	-7.79	-7.13	-5.26	-3.99	-2.98	-1.24	-0.30
1217.0	-7.47	-6.89	-5.06	-4.04	-2.82	-0.60	0.03
1218.0	-7.24	-6.77	-5.21	-4.10	-3.03	-1.25	-0.82
1219.0	-7.73	-7.20	-5.28	-4.27	-3.08	-1.55	-0.66
1220.0	-7.87	-7.22	-5.20	-3.97	-2.76	-1.20	-0.50
1221.0	-6.78	-6.30	-4.81	-3.75	-2.74	-0.88	-0.10
1222.0	-6.64	-6.11	-4.61	-3.49	-2.54	-1.16	-0.73
1223.0	-6.79	-6.09	-4.53	-3.54	-2.50	-0.40	-0.11
1224.0	-6.31	-5.84	-4.34	-3.24	-2.19	-0.74	0.08
1225.0	-7.09	-6.39	-4.50	-3.35	-1.96	-0.27	0.45
1226.0	-6.60	-5.95	-4.03	-2.59	-1.28	0.68	1.22
1227.0	-5.42	-4.80	-2.89	-1.72	-0.47	1.43	2.16
1228.0	-5.08	-4.63	-2.58	-1.44	-0.20	1.92	2.66
1229.0	-5.48	-4.79	-2.60	-1.25	0.05	1.82	2.54
1230.0	-5.31	-4.66	-2.59	-1.17	0.19	2.05	3.02
1231.0	-4.58	-4.08	-2.32	-0.94	0.28	2.28	2.95
1232.0	-4.77	-3.96	-2.04	-0.80	0.39	2.54	3.19
1233.0	-4.19	-3.55	-2.13	-0.94	0.51	2.11	2.56
1234.0	-4.13	-3.17	-1.62	-0.49	0.63	2.30	3.07
1235.0	-3.23	-2.82	-1.52	-0.35	0.72	2.33	3.03
1236.0	-3.25	-2.81	-1.42	-0.46	0.45	1.96	2.38
1237.0	-3.17	-2.79	-1.48	-0.40	0.59	1.83	2.49
1238.0	-2.95	-2.55	-1.21	-0.44	0.47	1.94	2.49
1239.0	-3.33	-2.82	-1.31	-0.49	0.37	1.95	2.36
1240.0	-3.08	-2.67	-1.44	-0.62	0.25	1.49	1.80
1241.0	-3.93	-3.12	-1.58	-0.70	0.17	1.50	1.82
1242.0	-3.58	-3.01	-1.76	-0.89	-0.03	1.41	1.88
1243.0	-4.22	-3.52	-1.87	-0.95	-0.13	1.45	2.00
1244.0	-4.18	-3.62	-2.02	-1.22	-0.19	1.42	1.90
1245.0	-4.14	-3.68	-2.18	-1.28	-0.30	0.96	1.40
1246.0	-5.99	-5.19	-3.72	-2.68	-1.79	-0.54	-0.26
1247.0	-6.19	-5.53	-3.99	-2.95	-1.99	-0.78	-0.16
1248.0	-6.25	-5.73	-4.15	-3.15	-2.23	-0.89	-0.39
1249.0	-6.98	-6.12	-4.57	-3.68	-2.64	-1.23	-0.85
1250.0	-7.17	-6.60	-4.86	-3.81	-2.74	-1.47	-1.13
1251.0	-7.27	-6.59	-4.89	-3.87	-2.89	-1.27	-0.87
1252.0	-7.76	-7.03	-5.39	-4.27	-3.29	-2.01	-1.52
1253.0	-7.85	-7.28	-5.58	-4.58	-3.67	-2.16	-1.49
1254.0	-8.29	-7.63	-6.03	-4.96	-4.03	-2.64	-1.69
1255.0	-9.05	-8.36	-6.50	-5.41	-4.43	-3.04	-2.50
1256.0	-9.37	-8.79	-6.84	-5.79	-4.71	-3.27	-2.79
1257.0	-9.22	-8.70	-7.07	-6.04	-5.01	-3.35	-2.87
1258.0	-9.75	-9.23	-7.33	-6.24	-5.18	-3.57	-2.94
1259.0	-9.54	-8.88	-7.03	-5.96	-4.96	-3.55	-3.14
1260.0	-9.18	-8.76	-7.23	-6.13	-5.13	-3.63	-3.18
1261.0	-9.59	-8.83	-7.26	-6.20	-5.13	-3.59	-3.03
1262.0	-9.98	-9.40	-7.46	-6.28	-5.16	-3.35	-2.80
1263.0	-9.59	-9.12	-7.28	-6.13	-5.06	-3.53	-3.10
1264.0	-9.70	-9.10	-7.23	-6.01	-4.92	-3.33	-2.86
1265.0	-9.08	-8.26	-6.35	-5.13	-4.11	-2.62	-2.13
1266.0	-8.46	-7.68	-5.84	-4.82	-3.80	-2.20	-1.86
1267.0	-7.31	-6.78	-5.23	-4.25	-3.46	-2.19	-1.88
1268.0	-7.34	-6.67	-5.10	-4.09	-3.10	-1.70	-1.28
1269.0	-6.95	-6.37	-4.82	-3.86	-3.06	-1.89	-1.42
1270.0	-6.39	-5.95	-4.70	-3.79	-2.94	-1.65	-1.18
1271.0	-6.81	-6.22	-4.75	-3.83	-2.93	-1.90	-1.64
1272.0	-6.98	-6.32	-4.66	-3.72	-2.90	-1.56	-1.21
1273.0	-6.86	-6.24	-4.58	-3.78	-2.66	-1.29	-0.75
1274.0	-6.57	-6.02	-4.25	-3.27	-2.36	-0.96	-0.46
1275.0	-5.77	-5.28	-3.85	-2.97	-2.01	-0.66	-0.18
1276.0	-5.34	-4.86	-3.53	-2.38	-1.45	-0.08	0.38
1277.0	-5.10	-4.71	-3.32	-2.34	-1.50	-0.40	-0.16
1278.0	-4.78	-4.41	-3.12	-2.28	-1.30	-0.10	0.29
1279.0	-4.88	-4.36	-3.16	-2.28	-1.56	-0.32	0.13
1280.0	-5.19	-4.73	-3.44	-2.62	-1.86	-0.36	0.05
1281.0	-5.32	-4.84	-3.49	-2.57	-1.60	-0.49	-0.10
1282.0	-5.14	-4.88	-3.45	-2.60	-1.79	-0.80	-0.27
1283.0	-5.19	-4.79	-3.53	-2.58	-1.80	-0.61	-0.04
1284.0	-5.40	-5.00	-3.54	-2.65	-1.63	-0.19	0.14
1285.0	-5.24	-4.70	-3.45	-2.46	-1.61	-0.40	-0.12
1286.0	-5.17	-4.74	-3.44	-2.58	-1.74	-0.55	-0.17
1287.0	-5.37	-4.79	-3.37	-2.51	-1.71	-0.20	0.08
1288.0	-5.49	-4.77	-3.55	-2.59	-1.63	-0.44	0.09
1289.0	-5.33	-4.77	-3.39	-2.61	-1.86	-0.46	0.33
1290.0	-5.40	-5.04	-3.83	-2.82	-1.86	-0.55	-0.17
1291.0	-5.22	-4.96	-3.69	-2.84	-2.02	-0.68	-0.12
1292.0	-5.98	-5.43	-3.92	-3.06	-2.22	-0.99	-0.57
1293.0	-6.32	-5.82	-4.26	-3.36	-2.35	-0.78	-0.52
1294.0	-6.41	-5.91	-4.63	-3.67	-2.75	-1.44	-1.09
1295.0	-6.85	-6.35	-4.94	-3.97	-3.08	-1.65	-1.23
1296.0	-6.70	-6.33	-4.99	-4.11	-3.22	-2.14	-1.88
1297.0	-7.08	-6.66	-5.22	-4.21	-3.30	-1.89	-1.45
1298.0	-7.68	-7.18	-5.48	-4.45	-3.49	-2.12	-1.85
1299.0	-7.50	-6.93	-5.36	-4.39	-3.35	-1.96	-1.30
1300.0	-7.27	-6.62	-5.16	-4.10	-3.20	-1.86	-1.35
1301.0	-6.50	-6.04	-4.58	-3.66	-2.76	-1.45	-1.13
1302.0	-6.31	-5.71	-4.31	-3.43	-2.57	-1.14	-0.79
1303.0	-6.42	-5.83	-4.34	-3.46	-2.50	-1.20	-0.79
1304.0	-6.47	-6.00	-4.54	-3.56	-2.65	-1.45	-0.96
1305.0	-6.33	-5.79	-4.32	-3.46	-2.51	-1.29	-0.89
1306.0	-6.47	-5.92	-4.34	-3.35	-2.38	-0.95	-0.52
1307.0	-5.90	-5.54	-4.06	-3.11	-2.05	-0.68	-0.09
1308.0	-5.78	-5.17	-3.78	-2.94	-2.03	-0.73	-0.28
1309.0	-5.49	-4.93	-3.66	-2.82	-1.99	-0.75	-0.28
1310.0	-5.52	-5.05	-3.64	-2.72	-1.74	-0.29	0.10
1311.0	-5.50	-4.73	-3.23	-2.42	-1.65	-0.25	0.21
1312.0	-4.86	-4.50	-3.23	-2.37	-1.40	-0.18	0.29
1313.0	-4.85	-4.37	-2.94	-1.94	-1.06	0.59	1.01
1314.0	-4.44	-4.06	-2.76	-1.91	-0.91	0.38	0.98
1315.0	-4.35	-3.86	-2.38	-1.49	-0.68	0.77	1.30
1316.0	-4.00	-3.49	-2.15	-1.22	-0.35	1.17	1.68
1317.0	-3.51	-3.09	-1.58	-0.79	-0.01	1.24	1.64
1318.0	-3.13	-2.81	-1.40	-0.44	0.38	1.94	2.39
1319.0	-3.28	-2.72	-1.40	-0.44	0.46	2.02	2.63
1320.0	-3.00	-2.64	-1.16	-0.37	0.61	1.86	2.16
1321.0	-2.80	-2.35	-1.17	-0.27	0.68	1.99	2.50
1322.0	-3.03	-2.42	-1.00	-0.12	0.78	2.02	2.36
1323.0	-2.78	-2.43	-1.02	-0.23	0.58	1.83	2.26
1324.0	-3.17	-2.60	-1.22	-0.41	0.52	1.70	2.07
1325.0	-2.97	-2.67	-1.33	-0.39	0.33	1.70	2.15
1326.0	-3.24	-2.84	-1.38	-0.53	0.35	1.54	2.06
1327.0	-3.34	-2.79	-1.53	-0.75	-0.04	1.18	1.49
1328.0	-3.42	-3.08	-1.78	-0.97	-0.10	1.01	1.66
1329.0	-3.66	-3.24	-1.95	-1.07	-0.18	1.08	1.39
1330.0	-4.24	-3.83	-2.32	-1.53	-0.74	0.72	1.04
1331.0	-4.33	-3.82	-2.47	-1.63	-0.70	0.70	1.14
1332.0	-4.51	-3.97	-2.57	-1.73	-0.84	0.23	0.64
1333.0	-4.42	-4.01	-2.72	-1.93	-0.91	0.41	0.67
1334.0	-4.78	-4.27	-2.90	-1.97	-1.08	0.11	0.44
1335.0	-4.92	-4.48	-3.13	-2.29	-1.38	-0.18	0.22
1336.0	-4.78	-4.43	-3.23	-2.43	-1.50	-0.27	0.09
1337.0	-5.15	-4.82	-3.36	-2.46	-1.65	-0.45	-0.02
1338.0	-5.28	-4.72	-3.53	-2.66	-1.74	-0.49	0.05
1339.0	-5.78	-5.27	-3.76	-2.87	-2.01	-0.78	-0.37
1340.0	-5.46	-5.12	-3.85	-3.00	-2.17	-0.87	-0.30
1341.0	-5.55	-5.19	-3.88	-2.91	-1.91	-0.60	0.07
1342.0	-5.81	-5.30	-3.91	-3.01	-2.07	-0.74	0.03
1343.0	-5.74	-5.40	-4.06	-3.00	-2.10	-0.75	-0.06
1344.0	-6.02	-5.48	-3.70	-2.77	-1.97	-0.55	-0.06
1345.0	-5.55	-5.19	-3.84	-2.78	-1.86	-0.67	0.10
1346.0	-5.39	-4.93	-3.46	-2.50	-1.65	-0.30	-0.09
1347.0	-5.04	-4.69	-3.28	-2.27	-1.32	0.32	0.73
1348.0	-5.18	-4.49	-3.10	-2.13	-1.19	0.41	0.84
1349.0	-4.99	-4.39	-2.76	-1.65	-0.54	0.78	1.11
1350.0	-5.52	-4.62	-2.86	-1.87	-0.74	1.03	1.51
1351.0	-4.97	-4.46	-2.86	-1.80	-0.63	1.19	1.63
1352.0	-4.72	-4.40	-2.79	-1.53	-0.62	1.04	1.34
1353.0	-4.70	-4.20	-2.47	-1.42	-0.25	1.45	1.80
1354.0	-4.02	-3.55	-1.92	-0.73	0.29	1.92	2.46
1355.0	-3.88	-3.20	-1.47	-0.31	0.69	2.14	2.60
1356.0	-3.30	-2.80	-1.09	-0.01	1.01	2.36	2.98
1357.0	-2.88	-2.21	-0.91	0.04	1.10	3.02	3.37
1358.0	-2.80	-2.26	-0.69	0.25	1.21	2.84	3.22
1359.0	-2.51	-1.77	-0.54	0.43	1.40	2.83	3.45
1360.0	-2.33	-1.80	-0.43	0.54	1.56	3.05	3.55
1361.0	-2.18	-1.75	-0.34	0.70	1.60	3.25	3.64
1362.0	-2.57	-1.99	-0.31	0.68	1.78	3.26	3.72
1363.0	-2.19	-1.67	-0.25	0.60	1.66	3.35	3.96
1364.0	-2.68	-2.17	-0.65	0.34	1.30	2.84	3.48
1365.0	-2.78	-2.33	-0.69	0.19	1.32	2.68	3.44
1366.0	-3.25	-2.74	-1.17	-0.19	0.82	2.22	2.73
1367.0	-3.44	-3.01	-1.55	-0.59	0.38	1.68	2.13
1368.0	-3.40	-3.03	-1.72	-0.84	-0.06	1.10	1.42
1369.0	-3.98	-3.50	-1.94	-1.07	-0.20	1.32	1.74
1370.0	-4.50	-3.97	-2.54	-1.62	-0.61	1.05	1.53
1371.0	-4.97	-4.32	-2.76	-1.82	-0.80	0.75	1.13
1372.0	-5.15	-4.51	-3.10	-2.14	-1.22	0.29	0.88
1373.0	-5.05	-4.63	-3.44	-2.46	-1.59	-0.30	0.15
1374.0	-5.53	-5.04	-3.67	-2.80	-1.92	-0.65	-0.35
1375.0	-5.77	-5.41	-4.13	-3.11	-2.15	-0.88	-0.68
1376.0	-6.30	-5.74	-4.17	-3.22	-2.36	-1.04	-0.63
1377.0	-7.08	-6.50	-4.81	-3.70	-2.76	-1.34	-0.78
1378.0	-7.55	-6.99	-5.34	-4.26	-3.19	-1.49	-1.04
1379.0	-7.61	-7.09	-5.42	-4.46	-3.55	-2.22	-1.82
1380.0	-7.38	-6.82	-5.30	-4.24	-3.31	-1.74	-1.19
1381.0	-7.35	-6.83	-5.14	-4.07	-3.08	-1.59	-1.04
1382.0	-7.43	-6.74	-4.93	-3.96	-2.99	-1.40	-0.75
1383.0	-7.24	-6.53	-4.90	-3.78	-2.81	-0.94	0.03
1384.0	-7.19	-6.35	-4.81	-3.68	-2.61	-1.16	-0.73
1385.0	-7.07	-6.40	-4.62	-3.76	-2.81	-1.20	-0.87
1386.0	-6.92	-6.22	-4.54	-3.64	-2.64	-1.14	-0.44
1387.0	-6.80	-6.42	-4.56	-3.55	-2.53	-1.09	-0.52
1388.0	-6.67	-5.90	-4.38	-3.43	-2.37	-1.01	-0.51
1389.0	-6.45	-5.76	-4.31	-3.13	-1.96	-0.83	-0.53
1390.0	-6.36	-5.64	-4.08	-3.04	-2.07	-0.06	0.70
1391.0	-5.58	-5.27	-3.64	-2.67	-1.60	-0.22	0.36
1392.0	-5.73	-5.17	-3.75	-2.67	-1.43	0.06	0.67
1393.0	-5.95	-5.25	-3.58	-2.55	-1.35	0.29	1.00
1394.0	-5.01	-4.71	-3.34	-2.12	-1.06	0.19	0.51
1395.0	-5.17	-4.67	-2.96	-1.86	-0.88	0.47	0.90
1396.0	-4.56	-4.22	-2.78	-1.77	-0.90	0.24	0.95
1397.0	-4.39	-3.84	-2.35	-1.35	-0.59	0.76	1.33
1398.0	-4.10	-3.64	-2.18	-1.17	-0.33	1.26	1.76
1399.0	-3.84	-3.49	-2.17	-1.21	-0.18	1.44	1.68
1400.0	-4.14	-3.62	-2.15	-1.28	-0.45	0.98	1.24
1401.0	-4.30	-3.84	-2.39	-1.33	-0.40	0.86	1.56
1402.0	-4.41	-3.87	-2.15	-1.15	-0.32	1.25	1.71
1403.0	-3.81	-3.51	-2.16	-1.32	-0.59	0.70	1.33
1404.0	-4.46	-3.78	-2.40	-1.56	-0.57	0.95	1.32
1405.0	-4.09	-3.65	-2.45	-1.50	-0.74	0.69	1.42
1406.0	-4.60	-4.17	-2.77	-1.78	-0.86	0.62	1.53
1407.0	-4.68	-4.20	-2.58	-1.67	-0.79	0.78	1.15
1408.0	-4.57	-4.22	-2.76	-1.71	-0.71	0.88	1.30
1409.0	-5.31	-4.59	-2.83	-1.85	-0.92	0.58	1.00
1410.0	-4.60	-4.22	-2.98	-2.21	-1.21	0.17	0.48
1411.0	-4.87	-4.18	-2.67	-1.86	-0.88	0.69	0.89
1412.0	-5.16	-4.52	-2.93	-2.00	-1.24	0.30	0.64
1413.0	-5.09	-4.78	-3.10	-2.10	-1.01	0.53	1.18
1414.0	-5.65	-5.12	-3.34	-2.15	-1.16	0.26	0.82
1415.0	-5.69	-4.77	-3.32	-2.28	-1.23	0.22	0.72
1416.0	-5.70	-5.30	-3.65	-2.73	-1.68	-0.10	0.37
1417.0	-5.78	-5.35	-3.84	-2.77	-1.87	-0.46	-0.04
1418.0	-6.48	-5.78	-3.93	-2.94	-1.95	-0.64	-0.26
1419.0	-5.76	-5.27	-3.89	-2.94	-1.88	-0.51	-0.14
1420.0	-6.10	-5.41	-3.84	-2.75	-1.72	-0.08	0.33
1421.0	-5.88	-5.35	-3.53	-2.48	-1.39	0.44	1.09
1422.0	-5.64	-4.97	-3.34	-2.40	-1.36	-0.07	0.60
1423.0	-5.24	-4.93	-3.29	-2.12	-1.23	0.35	0.91
1424.0	-4.97	-4.45	-2.99	-2.06	-1.05	0.37	0.94
1425.0	-5.63	-4.94	-3.41	-2.40	-1.30	0.28	0.78
1426.0	-5.75	-5.32	-3.55	-2.44	-1.48	-0.08	0.34
1427.0	-5.66	-5.13	-3.45	-2.45	-1.44	-0.09	0.28
1428.0	-5.85	-5.11	-3.30	-2.36	-1.29	0.42	0.79
1429.0	-5.32	-4.87	-3.06	-2.17	-0.89	0.59	1.28
1430.0	-5.30	-4.69	-3.00	-1.94	-0.73	0.92	1.63
1431.0	-5.42	-4.51	-2.93	-1.86	-0.91	0.84	1.25
1432.0	-5.12	-4.41	-2.71	-1.74	-0.71	0.80	1.52
1433.0	-4.74	-4.09	-2.44	-1.40	-0.18	1.60	2.09
1434.0	-3.95	-3.50	-1.91	-0.91	0.21	1.92	2.25
1435.0	-3.51	-3.08	-1.68	-0.71	0.30	1.65	2.06
1436.0	-3.48	-2.89	-1.36	-0.45	0.42	1.87	2.41
1437.0	-3.43	-3.01	-1.25	-0.41	0.47	1.72	2.09
1438.0	-3.22	-2.77	-1.12	-0.35	0.37	2.04	2.42
1439.0	-3.38	-2.85	-1.33	-0.42	0.59	2.19	2.45
1440.0	-3.16	-2.83	-1.53	-0.54	0.44	1.68	2.06
1441.0	-3.54	-2.98	-1.49	-0.50	0.55	1.97	2.47
1442.0	-3.39	-2.86	-1.65	-0.63	0.31	1.78	2.08
1443.0	-3.94	-3.23	-1.65	-0.73	0.21	2.06	2.45
1444.0	-3.49	-3.04	-1.70	-0.74	0.33	1.78	2.40
1445.0	-3.40	-3.08	-1.80	-0.76	0.32	1.83	2.52
1446.0	-3.51	-3.08	-1.52	-0.50	0.53	2.30	2.80
1447.0	-3.59	-3.08	-1.42	-0.44	0.73	2.18	2.60
1448.0	-3.13	-2.81	-1.22	-0.31	0.66	2.13	2.80
1449.0	-2.94	-2.55	-1.09	-0.14	0.78	2.12	2.71
1450.0	-2.89	-2.53	-1.10	-0.40	0.45	1.86	2.37
1451.0	-3.02	-2.55	-1.24	-0.27	0.63	1.86	2.51
1452.0	-3.35	-2.87	-1.57	-0.63	0.20	1.71	2.18
1453.0	-3.66	-3.10	-1.86	-0.93	0.02	1.34	1.66
1454.0	-3.95	-3.21	-1.94	-0.95	0.03	1.46	1.76
1455.0	-4.18	-3.63	-2.09	-1.34	-0.36	1.21	1.73
1456.0	-5.35	-4.32	-2.97	-1.88	-0.76	1.16	1.72
1457.0	-5.77	-4.96	-2.98	-2.02	-0.84	0.60	1.46
1458.0	-5.67	-5.12	-3.13	-1.94	-0.93	0.91	1.60
1459.0	-5.45	-4.93	-3.25	-2.26	-0.90	1.11	1.89
1460.0	-5.99	-5.10	-3.28	-2.06	-0.95	0.80	1.46
1461.0	-6.43	-5.63	-3.58	-2.24	-0.91	0.76	1.79
1462.0	-6.43	-5.50	-3.46	-2.25	-1.07	0.55	1.35
1463.0	-6.26	-5.58	-3.51	-2.18	-0.81	1.67	2.45
1464.0	-6.70	-5.78	-3.57	-2.04	-0.86	1.93	2.75
1465.0	-6.75	-5.97	-3.65	-2.16	-0.81	1.21	1.88
1466.0	-5.93	-5.38	-3.33	-2.01	-0.79	1.14	1.69
1467.0	-6.00	-5.13	-3.16	-1.78	-0.65	1.53	2.13
1468.0	-6.25	-5.36	-3.30	-2.13	-0.88	1.19	1.74
1469.0	-5.56	-5.08	-3.34	-2.12	-1.02	0.60	1.30
1470.0	-5.09	-4.76	-3.13	-2.08	-0.93	0.24	0.83
1471.0	-5.09	-4.51	-2.98	-1.90	-0.88	0.73	1.08
1472.0	-4.85	-4.22	-2.71	-1.82	-0.81	0.64	1.32
1473.0	-4.89	-4.21	-2.72	-1.71	-0.60	1.06	1.59
1474.0	-4.06	-3.75	-2.21	-1.27	-0.46	1.01	1.40
1475.0	-3.90	-3.40	-2.06	-1.09	-0.14	1.32	2.18
1476.0	-3.46	-3.13	-1.97	-1.02	0.00	1.27	1.64
1477.0	-3.48	-3.07	-1.81	-0.82	0.05	1.54	1.99
1478.0	-3.37	-2.96	-1.43	-0.50	0.45	1.94	2.24
1479.0	-3.44	-2.99	-1.42	-0.34	0.64	2.25	2.60
1480.0	-3.55	-3.13	-1.51	-0.42	0.83	2.37	3.03
1481.0	-3.35	-2.68	-0.97	0.16	1.15	2.27	2.78
1482.0	-2.92	-2.53	-0.85	0.13	1.19	2.73	3.23
1483.0	-2.54	-2.01	-0.57	0.30	1.14	2.72	3.33
1484.0	-2.53	-2.16	-0.67	0.38	1.48	3.06	3.66
1485.0	-2.21	-1.80	-0.47	0.48	1.37	2.98	3.60
1486.0	-2.50	-2.02	-0.24	0.93	1.75	3.34	3.90
1487.0	-1.91	-1.50	-0.27	0.56	1.62	3.18	3.81
1488.0	-2.16	-1.84	-0.31	0.61	1.67	3.06	3.43
1489.0	-2.18	-1.80	-0.31	0.68	1.44	2.91	3.19
1490.0	-2.33	-1.86	-0.59	0.45	1.47	2.75	3.31
1491.0	-2.30	-1.89	-0.58	0.27	1.05	2.66	3.12
1492.0	-2.41	-1.91	-0.58	0.30	1.19	2.35	2.61
1493.0	-2.29	-2.02	-0.89	0.06	0.94	2.28	2.73
1494.0	-2.60	-2.24	-1.00	-0.01	0.85	2.20	2.69
1495.0	-3.07	-2.68	-1.31	-0.49	0.43	1.62	2.25
1496.0	-2.93	-2.44	-1.29	-0.59	0.30	1.64	2.23
1497.0	-3.38	-2.98	-1.73	-0.89	-0.09	1.31	1.77
1498.0	-3.63	-3.19	-1.80	-0.84	-0.06	1.27	2.03
1499.0	-3.76	-3.29	-2.02	-1.09	-0.15	1.30	1.75
1500.0	-4.00	-3.42	-2.10	-1.20	-0.06	1.29	1.72
1501.0	-4.07	-3.65	-2.26	-1.32	-0.39	1.05	1.41
1502.0	-4.49	-4.03	-2.44	-1.49	-0.69	0.88	1.37
1503.0	-4.40	-3.98	-2.48	-1.69	-0.85	0.68	1.58
1504.0	-4.82	-4.22	-2.80	-1.87	-0.95	0.34	0.80
1505.0	-4.79	-4.18	-2.59	-1.75	-0.81	0.54	0.95
1506.0	-4.22	-3.81	-2.58	-1.71	-0.76	0.72	1.02
1507.0	-4.12	-3.69	-2.41	-1.54	-0.67	0.42	0.86
1508.0	-4.21	-3.89	-2.09	-1.15	-0.20	1.21	1.62
1509.0	-3.10	-2.82	-1.61	-0.63	0.18	1.79	2.21
1510.0	-2.98	-2.66	-1.43	-0.43	0.39	1.76	2.06
1511.0	-3.06	-2.63	-1.34	-0.58	0.25	1.50	1.91
1512.0	-3.57	-2.92	-1.58	-0.68	0.33	1.65	2.06
1513.0	-3.47	-2.87	-1.57	-0.58	0.19	1.62	1.98
1514.0	-3.01	-2.72	-1.44	-0.56	0.22	1.51	1.97
1515.0	-3.47	-3.15	-1.59	-0.75	0.20	1.48	1.84
1516.0	-3.55	-3.00	-1.47	-0.70	0.10	1.44	1.87
1517.0	-2.75	-2.51	-1.31	-0.50	0.30	1.63	1.98
1518.0	-2.90	-2.50	-1.27	-0.29	0.49	2.06	2.83
1519.0	-3.18	-2.63	-1.40	-0.39	0.46	1.91	2.37
1520.0	-3.05	-2.61	-1.22	-0.32	0.53	1.71	2.06
1521.0	-3.04	-2.59	-1.16	-0.21	0.49	1.88	2.22
1522.0	-3.01	-2.50	-1.41	-0.55	0.39	1.70	2.00
1523.0	-3.01	-2.71	-1.45	-0.51	0.33	1.62	2.26
1524.0	-3.29	-2.93	-1.59	-0.73	-0.02	1.20	2.00
1525.0	-3.28	-2.87	-1.74	-0.86	-0.04	1.09	1.52
1526.0	-3.63	-3.24	-2.03	-1.16	-0.28	1.13	1.51
1527.0	-4.10	-3.59	-2.25	-1.36	-0.62	0.95	1.39
1528.0	-4.23	-3.76	-2.54	-1.72	-0.94	0.45	0.77
1529.0	-4.88	-4.37	-3.11	-2.23	-1.37	0.22	0.56
1530.0	-5.08	-4.68	-3.21	-2.37	-1.48	-0.03	0.25
1531.0	-5.83	-5.25	-3.80	-2.75	-1.74	-0.46	0.08
1532.0	-6.21	-5.58	-4.03	-3.07	-2.05	-0.69	-0.34
1533.0	-5.93	-5.43	-4.08	-3.10	-2.30	-0.97	-0.67
1534.0	-6.38	-5.64	-4.29	-3.28	-2.41	-1.16	-0.83
1535.0	-6.35	-5.74	-4.35	-3.59	-2.70	-1.37	-0.97
1536.0	-6.56	-6.11	-4.53	-3.57	-2.68	-1.19	-0.30
1537.0	-6.26	-5.74	-4.30	-3.32	-2.43	-1.17	-0.70
1538.0	-6.35	-5.81	-4.33	-3.38	-2.41	-1.26	-0.96
1539.0	-6.01	-5.55	-4.11	-3.26	-2.32	-1.07	-0.47
1540.0	-5.62	-5.05	-3.79	-2.87	-1.90	-0.58	-0.11
1541.0	-5.03	-4.72	-3.31	-2.49	-1.58	-0.29	0.17
1542.0	-5.64	-4.88	-3.30	-2.24	-1.41	-0.08	0.34
1543.0	-4.54	-4.14	-2.75	-1.95	-1.03	0.51	0.91
1544.0	-4.46	-3.94	-2.33	-1.43	-0.54	0.77	1.39
1545.0	-4.90	-4.28	-2.68	-1.80	-0.59	0.87	1.51
1546.0	-5.96	-5.45	-3.67	-2.63	-1.50	0.00	0.59
1547.0	-6.31	-5.74	-4.32	-3.10	-2.05	-0.77	-0.50
1548.0	-6.34	-5.95	-4.26	-3.26	-2.23	-0.96	-0.67
1549.0	-6.56	-5.95	-4.26	-3.17	-2.05	-0.40	-0.14
1550.0	-6.20	-5.55	-3.74	-2.75	-1.63	-0.19	0.45
1551.0	-5.30	-4.86	-3.31	-2.47	-1.53	-0.33	0.20
1552.0	-5.45	-4.85	-3.06	-2.11	-1.00	0.07	0.63
1553.0	-4.84	-4.22	-2.77	-1.74	-0.82	0.74	0.89
1554.0	-4.17	-3.93	-2.54	-1.78	-0.71	1.07	1.34
1555.0	-4.14	-3.79	-2.66	-1.69	-0.58	0.42	0.99
1556.0	-3.96	-3.46	-2.07	-1.39	-0.54	0.79	1.25
1557.0	-4.05	-3.65	-2.14	-1.27	-0.47	1.02	1.55
1558.0	-3.77	-3.36	-2.15	-1.19	-0.33	0.72	1.12
1559.0	-4.17	-3.48	-1.71	-0.69	0.27	1.67	1.91
1560.0	-2.90	-2.66	-1.53	-0.52	0.21	1.41	1.72
1561.0	-2.39	-2.06	-0.85	0.03	0.82	2.52	2.75
1562.0	-3.01	-2.45	-0.81	-0.02	0.82	2.34	2.56
1563.0	-3.02	-2.47	-0.78	0.19	0.90	2.35	2.84
1564.0	-2.88	-2.33	-1.20	-0.18	0.75	2.06	2.41
1565.0	-2.89	-2.42	-1.05	-0.16	0.60	1.75	2.17
1566.0	-3.30	-2.82	-1.50	-0.51	0.22	1.40	1.82
1567.0	-3.18	-2.73	-1.24	-0.31	0.38	1.73	1.91
1568.0	-3.29	-2.79	-1.41	-0.62	0.44	1.75	2.57
1569.0	-3.35	-2.85	-1.38	-0.50	0.19	1.80	2.28
1570.0	-3.56	-3.25	-2.01	-1.21	-0.21	0.68	1.10
1571.0	-4.48	-3.90	-2.55	-1.58	-0.67	0.61	1.06
1572.0	-4.65	-4.26	-2.60	-1.63	-0.83	0.31	0.51
1573.0	-4.34	-3.97	-2.70	-1.85	-0.87	0.53	0.86
1574.0	-5.01	-4.67	-3.09	-1.97	-0.96	0.02	0.45
1575.0	-4.89	-4.31	-3.01	-2.02	-1.04	0.44	0.80
1576.0	-5.28	-4.85	-3.43	-2.36	-1.47	-0.03	0.24
1577.0	-5.36	-5.03	-3.82	-2.70	-1.61	-0.13	0.15
1578.0	-5.22	-4.99	-3.64	-2.67	-1.83	-0.50	-0.30
1579.0	-5.77	-5.39	-3.80	-2.70	-1.67	-0.22	0.25
1580.0	-5.81	-5.41	-3.76	-2.77	-1.75	-0.36	-0.13
1581.0	-5.53	-5.02	-3.44	-2.40	-1.46	0.05	0.33
1582.0	-5.17	-4.77	-3.27	-2.24	-1.42	0.52	0.87
1583.0	-5.01	-4.73	-3.09	-2.21	-1.28	0.02	0.17
1584.0	-5.15	-4.63	-2.88	-1.98	-1.17	0.49	0.94
1585.0	-5.01	-4.58	-3.21	-2.25	-1.26	0.16	0.45
1586.0	-5.31	-4.69	-3.12	-2.24	-1.28	0.25	0.77
1587.0	-5.63	-4.99	-3.49	-2.30	-1.15	0.53	0.79
1588.0	-5.51	-5.09	-3.65	-2.39	-1.29	0.50	0.87
1589.0	-5.60	-5.22	-3.36	-2.56	-1.59	-0.15	0.20
1590.0	-5.09	-4.61	-3.05	-2.27	-1.36	0.10	0.46
1591.0	-4.91	-4.46	-3.00	-2.11	-1.22	0.51	1.32
1592.0	-5.27	-4.50	-2.96	-2.05	-1.22	0.05	0.33
1593.0	-5.01	-4.47	-2.73	-1.92	-1.07	0.41	0.75
1594.0	-4.89	-4.39	-2.77	-1.86	-0.85	0.82	1.20
1595.0	-5.28	-4.66	-3.03	-2.10	-0.98	0.15	0.49
1596.0	-4.93	-4.56	-2.71	-1.88	-0.74	0.74	0.99
1597.0	-5.12	-4.44	-2.87	-1.98	-0.87	0.64	0.97
1598.0	-4.28	-3.96	-2.62	-1.69	-0.63	0.95	1.33
1599.0	-4.55	-3.94	-2.54	-1.48	-0.57	0.70	0.89
1600.0	-4.65	-4.23	-2.76	-1.76	-0.74	0.79	1.22
1601.0	-3.76	-3.47	-2.16	-1.15	0.08	1.76	2.36
1602.0	-3.25	-2.86	-1.69	-0.77	0.29	1.64	2.18
1603.0	-3.93	-3.08	-1.68	-0.70	0.40	1.66	1.96
1604.0	-2.91	-2.60	-1.32	-0.65	0.40	1.54	2.03
1605.0	-2.96	-2.47	-1.34	-0.23	0.56	2.13	2.67
1606.0	-3.07	-2.68	-1.24	-0.17	0.87	2.29	3.01
1607.0	-2.83	-2.40	-1.00	-0.02	1.02	2.20	2.71
1608.0	-2.53	-2.28	-0.96	0.09	1.07	2.26	2.76
1609.0	-2.41	-2.06	-0.75	-0.06	0.88	2.34	2.75
1610.0	-2.57	-2.19	-1.08	-0.24	0.59	1.98	2.65
1611.0	-2.81	-2.39	-1.08	0.03	0.87	2.08	2.59
1612.0	-3.11	-2.52	-1.02	0.06	0.87	2.09	2.43
1613.0	-3.16	-2.69	-0.90	-0.03	0.94	2.28	2.71
1614.0	-3.46	-2.99	-1.86	-0.66	0.51	2.07	2.42
1615.0	-3.33	-3.04	-1.94	-0.71	0.53	2.32	2.96
1616.0	-4.18	-3.28	-1.65	-0.64	0.26	1.65	1.94
1617.0	-3.85	-3.37	-1.74	-0.81	0.12	1.95	2.26
1618.0	-4.16	-3.77	-2.03	-0.77	0.16	1.32	1.93
1619.0	-4.80	-3.80	-2.07	-1.05	0.06	1.53	1.87
1620.0	-3.89	-3.34	-2.15	-1.10	-0.18	1.19	1.57
1621.0	-4.27	-3.79	-2.12	-1.15	-0.07	1.33	1.86
1622.0	-4.08	-3.30	-1.88	-1.05	-0.23	1.20	1.40
1623.0	-4.35	-3.73	-2.22	-1.18	-0.17	1.33	1.55
1624.0	-4.31	-3.86	-2.30	-1.28	-0.25	0.60	0.83
1625.0	-4.62	-3.77	-2.42	-1.51	-0.58	0.73	1.29
1626.0	-4.45	-4.19	-2.68	-1.49	-0.50	0.96	1.35
1627.0	-3.84	-3.44	-2.36	-1.51	-0.43	0.45	1.05
1628.0	-4.21	-3.74	-2.42	-1.34	-0.46	0.96	1.46
1629.0	-4.09	-3.54	-1.95	-1.14	-0.32	1.05	2.00
1630.0	-2.95	-2.58	-1.29	-0.47	0.35	1.48	1.92
1631.0	-2.68	-2.43	-1.29	-0.27	0.80	2.45	2.89
1632.0	-2.78	-2.31	-0.93	-0.12	0.65	2.34	2.61
1633.0	-2.53	-2.00	-0.86	0.14	1.09	2.12	2.53
1634.0	-2.68	-2.20	-0.71	0.34	1.29	2.66	3.19
1635.0	-2.52	-2.20	-0.92	0.11	0.92	2.18	2.54
1636.0	-2.86	-2.52	-0.89	0.09	1.11	2.62	3.03
1637.0	-3.19	-2.70	-1.34	-0.33	0.63	1.89	2.11
1638.0	-3.07	-2.56	-1.28	-0.26	0.67	2.36	2.76
1639.0	-3.17	-2.75	-1.27	-0.52	0.65	2.08	2.39
1640.0	-3.35	-2.74	-1.42	-0.58	0.37	1.95	2.36
1641.0	-3.87	-3.35	-1.90	-0.59	0.15	1.59	1.93
1642.0	-3.98	-3.71	-2.27	-1.24	-0.43	0.46	0.63
1643.0	-4.63	-4.15	-2.73	-1.72	-0.88	0.28	0.40
1644.0	-4.75	-4.39	-3.05	-2.06	-1.09	0.27	0.64
1645.0	-4.72	-4.39	-3.25	-2.32	-1.45	0.37	0.90
1646.0	-5.21	-4.71	-3.26	-2.16	-1.32	-0.46	0.08
1647.0	-5.48	-4.91	-3.46	-2.55	-1.46	-0.40	-0.11
1648.0	-5.65	-4.95	-3.71	-2.84	-1.91	-0.75	-0.43
1649.0	-5.82	-5.42	-3.59	-2.65	-1.72	-0.18	0.22
1650.0	-5.16	-4.82	-3.49	-2.68	-1.68	-0.48	-0.23
1651.0	-5.56	-5.17	-3.67	-2.74	-1.92	-0.70	-0.26
1652.0	-5.17	-4.74	-3.49	-2.70	-1.68	-0.32	0.29
1653.0	-5.87	-5.27	-3.77	-2.79	-1.87	-0.69	-0.01
1654.0	-5.63	-5.26	-3.76	-2.74	-1.83	-0.49	0.15
1655.0	-5.81	-5.31	-4.04	-3.02	-2.14	-0.97	-0.55
1656.0	-5.70	-5.35	-3.99	-3.06	-2.25	-1.05	-0.57
1657.0	-6.05	-5.47	-3.88	-3.06	-2.13	-1.08	-0.50
1658.0	-5.94	-5.41	-3.82	-2.88	-2.07	-0.78	-0.45
1659.0	-5.43	-4.84	-3.62	-2.65	-1.75	-0.40	0.03
1660.0	-5.35	-5.00	-3.64	-2.74	-1.95	-0.44	0.10
1661.0	-5.43	-5.02	-3.62	-2.79	-1.93	-1.10	-0.73
1662.0	-5.19	-4.59	-3.62	-2.73	-1.91	-0.74	-0.44
1663.0	-5.25	-4.91	-3.69	-3.03	-2.26	-1.09	-0.79
1664.0	-5.89	-5.44	-4.01	-3.08	-2.16	-0.99	-0.80
1665.0	-5.76	-5.40	-3.91	-3.07	-2.22	-1.02	-0.69
1666.0	-5.89	-5.51	-3.90	-3.01	-1.99	-0.58	-0.08
1667.0	-5.31	-4.94	-3.68	-2.85	-1.77	-0.46	-0.27
1668.0	-5.55	-5.06	-3.69	-2.62	-1.68	-0.22	0.08
1669.0	-5.08	-4.75	-3.57	-2.53	-1.53	-0.29	-0.05
1670.0	-5.15	-4.75	-3.50	-2.51	-1.45	-0.29	0.05
1671.0	-5.00	-4.67	-3.09	-2.20	-1.37	-0.55	-0.28
1672.0	-4.66	-4.32	-3.13	-2.23	-1.29	-0.30	0.14
1673.0	-4.08	-3.70	-2.72	-1.67	-0.68	0.33	0.89
1674.0	-3.88	-3.56	-2.41	-1.46	-0.60	0.86	1.29
1675.0	-3.62	-3.22	-2.10	-1.22	-0.43	0.91	1.13
1676.0	-3.43	-2.75	-1.63	-0.76	0.18	1.19	1.79
1677.0	-3.21	-2.82	-1.42	-0.43	0.53	1.89	2.35
1678.0	-2.95	-2.31	-0.95	-0.09	0.71	1.84	2.02
1679.0	-2.34	-1.98	-0.85	-0.03	0.80	2.17	2.56
1680.0	-2.16	-1.84	-0.75	0.05	0.90	2.43	2.92
1681.0	-2.70	-1.91	-0.83	0.07	0.88	2.12	2.76
1682.0	-2.64	-2.06	-0.61	0.00	0.58	1.93	2.43
1683.0	-2.44	-1.94	-0.84	-0.04	0.95	2.25	2.47
1684.0	-2.96	-2.27	-0.75	0.11	0.87	2.06	2.47
1685.0	-2.49	-2.05	-0.62	0.31	1.18	2.54	2.85
1686.0	-2.96	-2.46	-0.87	0.10	1.21	2.26	2.51
1687.0	-2.80	-2.36	-0.63	0.16	0.99	2.11	2.29
1688.0	-3.53	-2.71	-1.22	-0.35	0.32	1.88	2.60
1689.0	-3.17	-2.73	-1.44	-0.48	0.32	1.61	1.87
1690.0	-3.97	-3.31	-1.66	-0.84	-0.07	1.14	1.69
1691.0	-4.12	-3.50	-2.07	-1.11	-0.24	1.11	1.55
1692.0	-4.70	-4.10	-2.54	-1.72	-0.96	0.54	1.20
1693.0	-5.33	-4.81	-3.40	-2.28	-1.20	0.19	0.49
1694.0	-5.68	-5.22	-3.62	-2.59	-1.56	-0.32	0.25
1695.0	-6.13	-5.44	-3.78	-2.93	-1.99	-0.63	-0.07
1696.0	-5.70	-5.11	-3.93	-2.96	-1.88	-0.36	-0.11
1697.0	-5.72	-5.02	-3.61	-2.49	-1.62	-0.48	-0.07
1698.0	-5.87	-5.20	-3.49	-2.55	-1.67	-0.60	-0.23
1699.0	-4.54	-4.34	-3.21	-2.37	-1.53	0.06	0.63
1700.0	-4.98	-4.51	-3.06	-2.19	-1.07	0.00	0.50
1701.0	-4.55	-4.09	-2.92	-2.17	-1.50	-0.58	0.04
1702.0	-4.72	-4.24	-2.91	-1.99	-1.13	0.24	0.78
1703.0	-4.58	-4.16	-2.99	-1.93	-0.96	0.58	1.07
1704.0	-4.49	-4.02	-2.32	-1.43	-0.42	0.90	1.12
1705.0	-3.85	-3.33	-2.03	-0.95	-0.08	1.21	1.46
1706.0	-3.40	-3.07	-1.90	-0.82	-0.05	1.25	1.55
1707.0	-3.40	-3.02	-1.99	-1.10	-0.04	1.31	1.81
1708.0	-3.68	-3.31	-1.97	-0.89	0.02	1.07	1.64
1709.0	-3.83	-3.38	-2.15	-1.12	-0.13	1.08	1.61
1710.0	-4.51	-3.92	-2.38	-1.47	-0.57	0.83	1.32
1711.0	-4.94	-4.31	-2.83	-1.69	-0.51	0.60	0.85
1712.0	-4.94	-4.57	-3.17	-1.92	-0.77	0.76	1.22
1713.0	-5.34	-4.82	-3.06	-1.89	-0.74	0.65	1.08
1714.0	-5.39	-4.34	-2.80	-1.94	-0.92	0.34	1.79
1715.0	-4.85	-4.51	-2.79	-1.76	-0.84	0.64	1.07
1716.0	-4.87	-4.13	-2.69	-1.84	-0.83	0.44	0.78
1717.0	-4.82	-4.30	-2.59	-1.68	-0.66	1.04	1.19
1718.0	-4.48	-3.97	-2.62	-1.75	-0.82	0.04	0.37
1719.0	-4.92	-4.49	-2.89	-2.18	-1.17	0.47	0.92
1720.0	-4.79	-4.37	-3.29	-2.42	-1.34	-0.04	0.56
1721.0	-5.26	-4.96	-3.62	-2.52	-1.53	-0.26	-0.09
1722.0	-5.61	-5.08	-3.65	-2.73	-1.95	-0.46	0.05
1723.0	-5.55	-5.22	-3.73	-2.72	-1.86	-0.47	0.04
1724.0	-5.68	-5.17	-3.72	-2.71	-1.88	-0.07	0.16
1725.0	-5.37	-4.64	-3.34	-2.52	-1.53	-0.15	0.35
1726.0	-4.87	-4.52	-3.21	-2.38	-1.26	-0.02	0.21
1727.0	-5.07	-4.56	-2.97	-2.12	-1.30	0.22	0.99
1728.0	-5.30	-4.36	-2.63	-1.61	-0.44	0.94	1.57
1729.0	-3.96	-3.32	-1.79	-0.88	0.21	1.72	2.11
1730.0	-2.70	-2.09	-0.82	-0.09	0.64	1.75	2.23
1731.0	-2.83	-2.50	-0.93	-0.06	0.81	1.96	2.42
1732.0	-2.94	-2.47	-1.23	-0.28	0.76	2.26	2.61
1733.0	-2.96	-2.33	-0.93	-0.20	0.89	2.17	3.14
1734.0	-2.55	-2.07	-1.06	-0.15	0.73	2.16	2.72
1735.0	-2.81	-2.36	-0.82	-0.09	0.88	1.86	2.56
1736.0	-2.58	-2.14	-0.90	-0.14	0.71	1.86	2.14
1737.0	-2.34	-2.10	-1.01	-0.42	0.70	2.13	2.89
1738.0	-2.65	-2.14	-0.91	-0.21	0.87	1.96	2.59
1739.0	-2.84	-2.44	-1.13	-0.35	0.49	1.97	2.41
1740.0	-3.16	-2.74	-1.25	-0.41	0.61	1.58	1.78
1741.0	-2.94	-2.47	-1.26	-0.44	0.35	1.78	2.08
1742.0	-3.20	-2.68	-1.36	-0.35	0.73	2.00	2.60
1743.0	-3.17	-2.67	-1.19	-0.35	0.42	1.86	2.26
1744.0	-3.38	-2.75	-1.30	-0.50	0.60	1.97	2.34
1745.0	-3.12	-2.78	-1.63	-0.68	0.33	1.39	1.82
1746.0	-4.05	-3.52	-2.11	-1.02	-0.10	1.42	1.78
1747.0	-4.24	-3.78	-2.30	-1.34	-0.57	1.37	1.77
1748.0	-4.88	-4.25	-2.38	-1.33	-0.51	0.80	1.12
1749.0	-4.27	-3.58	-2.28	-1.32	-0.44	0.87	1.38
1750.0	-4.03	-3.41	-1.96	-1.42	-0.60	0.94	1.25
1751.0	-4.23	-3.56	-2.46	-1.59	-0.78	0.69	1.49
1752.0	-4.68	-3.66	-2.10	-1.30	-0.37	0.79	1.26
1753.0	-4.18	-3.63	-2.23	-1.37	-0.53	0.55	1.11
1754.0	-4.10	-3.74	-2.28	-1.45	-0.69	0.94	1.35
1755.0	-4.57	-4.09	-2.64	-1.55	-0.83	0.44	0.96
1756.0	-3.92	-3.57	-2.37	-1.18	-0.44	0.88	1.55
1757.0	-3.99	-3.67	-2.35	-1.41	-0.54	1.18	1.47
1758.0	-4.61	-3.98	-2.56	-1.63	-0.82	0.59	1.02
1759.0	-4.10	-3.62	-2.27	-1.43	-0.49	0.94	1.42
1760.0	-4.23	-3.79	-2.33	-1.37	-0.41	1.18	1.54
1761.0	-3.95	-3.38	-2.07	-1.10	-0.21	1.24	1.57
1762.0	-3.77	-3.34	-1.52	-0.53	0.29	1.62	2.37
1763.0	-2.75	-2.15	-0.85	0.22	1.24	2.55	2.92
1764.0	-2.11	-1.77	-0.37	0.39	1.19	2.56	3.08
1765.0	-1.50	-1.22	-0.11	0.68	1.45	2.62	2.99
1766.0	-2.34	-1.62	-0.31	0.39	1.22	2.71	3.38
1767.0	-1.46	-1.32	-0.27	0.56	1.34	2.61	3.21
1768.0	-2.14	-1.65	-0.28	0.64	1.46	2.97	3.61
1769.0	-1.94	-1.57	-0.34	0.46	1.31	2.68	3.27
1770.0	-1.85	-1.37	-0.07	0.91	1.66	3.18	3.62
1771.0	-1.40	-1.20	0.14	1.03	2.01	3.89	4.65
1772.0	-1.92	-1.14	0.24	1.23	2.23	3.66	4.11
1773.0	-1.32	-0.77	0.69	1.63	2.63	4.16	4.81
1774.0	-0.71	-0.12	1.14	1.85	2.71	3.83	4.14
1775.0	-0.66	-0.39	0.95	1.95	2.97	4.38	4.61
1776.0	-1.23	-1.07	0.67	1.72	2.68	3.94	4.55
1777.0	-0.76	-0.62	0.62	1.53	2.31	3.63	4.37
1778.0	-1.06	-0.67	0.43	1.36	2.29	3.47	3.85
1779.0	-1.63	-1.01	0.41	1.24	2.04	3.39	4.08
1780.0	-2.19	-1.42	-0.05	0.64	1.65	3.06	3.56
1781.0	-1.95	-1.57	-0.16	0.55	1.31	2.66	3.01
1782.0	-3.32	-2.87	-1.42	-0.57	0.36	1.74	1.95
1783.0	-3.67	-2.94	-1.67	-0.63	0.28	1.47	2.04
1784.0	-3.45	-3.07	-1.70	-0.61	0.19	1.41	1.81
1785.0	-4.10	-3.69	-1.96	-0.86	-0.31	0.82	1.31
1786.0	-3.81	-3.28	-1.94	-1.17	-0.27	1.29	1.86
1787.0	-3.75	-3.23	-2.18	-1.26	-0.41	1.12	1.38
1788.0	-3.33	-3.05	-2.05	-1.12	-0.31	1.16	1.88
1789.0	-3.89	-3.21	-1.81	-1.06	-0.30	0.99	1.62
1790.0	-4.00	-3.49	-1.92	-1.00	-0.04	1.35	1.81
1791.0	-3.80	-3.37	-2.04	-1.15	-0.20	1.08	1.29
1792.0	-4.21	-3.56	-1.93	-1.00	-0.01	1.37	1.82
1793.0	-3.93	-3.53	-2.21	-1.23	-0.38	1.09	1.62
1794.0	-4.22	-3.76	-1.91	-0.98	-0.18	0.73	1.34
1795.0	-3.51	-3.21	-2.03	-1.12	-0.12	1.33	1.78
1796.0	-3.37	-3.16	-1.96	-0.96	0.01	1.33	1.48
1797.0	-3.42	-3.05	-1.92	-1.13	-0.30	1.08	1.40
1798.0	-3.42	-2.95	-1.72	-0.84	-0.12	1.18	1.63
1799.0	-3.28	-3.03	-1.61	-0.74	0.00	0.96	1.33
1800.0	-3.43	-2.81	-1.71	-0.77	-0.09	1.23	1.54
1801.0	-2.94	-2.58	-1.59	-0.66	0.24	1.37	1.68
1802.0	-3.43	-2.96	-1.41	-0.47	0.38	1.64	1.91
1803.0	-2.82	-2.36	-0.88	-0.17	0.63	2.28	2.80
1804.0	-2.91	-2.60	-0.84	-0.01	0.88	2.34	2.94
1805.0	-2.22	-1.87	-0.51	0.51	1.35	2.51	2.85
1806.0	-2.33	-2.01	-0.28	0.52	1.36	2.75	3.08
1807.0	-2.98	-2.33	-0.61	0.49	1.43	3.10	3.50
1808.0	-3.06	-2.29	-0.95	-0.20	0.81	2.50	2.79
1809.0	-3.44	-2.79	-1.18	-0.18	0.89	2.78	3.37
1810.0	-2.69	-2.24	-0.99	0.00	0.79	2.17	2.65
1811.0	-2.92	-2.30	-0.94	-0.06	0.95	2.31	2.77
1812.0	-2.90	-2.55	-1.13	-0.42	0.60	2.23	2.73
1813.0	-2.99	-2.60	-1.31	-0.39	0.53	1.87	2.21
1814.0	-2.80	-2.44	-1.33	-0.52	0.58	1.90	2.22
1815.0	-3.09	-2.78	-1.24	-0.46	0.44	1.96	2.28
1816.0	-2.84	-2.54	-1.09	-0.03	0.98	2.26	2.85
1817.0	-2.70	-2.22	-1.07	-0.06	0.86	1.84	2.13
1818.0	-2.78	-2.51	-0.81	0.06	0.88	2.40	3.06
1819.0	-2.23	-2.10	-0.80	0.09	0.98	2.67	3.25
1820.0	-1.99	-1.68	-0.64	0.26	1.09	2.63	2.97
1821.0	-1.85	-1.52	-0.57	0.17	1.07	2.52	2.85
1822.0	-2.06	-1.65	-0.48	0.20	1.30	2.52	2.96
1823.0	-1.78	-1.47	-0.37	0.53	1.56	2.81	3.31
1824.0	-2.04	-1.52	-0.33	0.71	1.46	2.77	3.20
1825.0	-1.77	-1.55	-0.42	0.58	1.28	2.54	2.97
1826.0	-1.91	-1.45	-0.37	0.34	1.27	2.57	2.94
1827.0	-2.28	-1.82	-0.42	0.33	1.33	2.79	3.08
1828.0	-1.92	-1.53	-0.28	0.61	1.42	2.53	2.98
1829.0	-2.14	-1.74	-0.44	0.50	1.25	2.26	2.49
1830.0	-2.77	-2.41	-0.89	0.32	1.26	2.76	3.14
1831.0	-2.35	-2.09	-0.73	-0.04	0.87	1.90	2.37
1832.0	-2.73	-2.42	-0.80	-0.14	0.64	1.89	2.49
1833.0	-2.88	-2.35	-0.96	-0.23	0.75	2.08	2.54
1834.0	-2.91	-2.60	-0.97	-0.09	0.67	2.58	3.07
1835.0	-2.76	-2.33	-1.14	-0.15	1.02	2.21	2.53
1836.0	-2.59	-2.10	-0.87	-0.04	0.72	2.58	3.40
1837.0	-2.71	-2.17	-0.75	0.33	0.95	2.67	3.01
1838.0	-2.79	-2.21	-0.84	0.14	1.25	3.24	3.74
1839.0	-2.77	-2.39	-0.43	0.46	1.23	2.64	3.01
1840.0	-2.11	-1.80	-0.51	0.74	1.64	3.12	3.40
1841.0	-2.06	-1.41	-0.17	0.68	1.55	2.97	3.50
1842.0	-1.95	-1.64	-0.38	0.51	1.59	2.95	3.34
1843.0	-2.10	-1.42	-0.39	0.79	1.73	3.57	4.04
1844.0	-1.42	-1.07	0.00	0.76	1.66	2.83	3.08
1845.0	-1.55	-1.30	0.05	1.10	2.08	3.56	3.92
1846.0	-1.15	-0.81	0.22	1.05	1.76	2.91	3.07
1847.0	-0.96	-0.76	0.11	0.94	1.89	3.11	3.61
1848.0	-1.63	-1.27	0.00	0.96	1.75	3.10	3.49
1849.0	-1.54	-1.28	0.00	0.93	1.87	3.33	4.21
1850.0	-1.45	-1.11	0.29	1.13	2.08	3.09	3.56
1851.0	-1.81	-1.20	-0.07	0.91	1.73	3.26	3.72
1852.0	-3.05	-2.28	-1.04	-0.12	0.89	2.91	3.39
1853.0	-4.17	-3.85	-1.86	-1.00	0.06	1.49	1.80
1854.0	-3.46	-3.16	-1.81	-0.81	-0.05	1.59	2.17
1855.0	-3.70	-3.04	-1.53	-0.52	0.32	1.42	1.62
1856.0	-3.48	-3.13	-1.91	-0.88	0.06	1.31	1.63
1857.0	-3.20	-2.79	-1.38	-0.46	0.27	1.99	2.32
1858.0	-3.33	-3.05	-1.89	-0.92	0.03	1.21	1.70
1859.0	-3.58	-3.05	-1.82	-1.02	-0.10	1.39	1.79
1860.0	-3.58	-3.18	-1.82	-0.92	-0.12	1.25	1.61
1861.0	-4.10	-3.66	-2.00	-0.98	0.00	1.70	2.18
1862.0	-4.15	-3.44	-1.83	-0.86	0.12	1.39	2.04
1863.0	-3.28	-2.82	-1.80	-0.64	0.26	1.78	2.10
1864.0	-4.00	-3.64	-2.09	-1.04	0.07	1.67	2.12
1865.0	-4.19	-3.33	-1.69	-0.73	0.31	1.49	2.28
1866.0	-3.83	-3.20	-1.29	-0.16	0.56	2.05	2.51
1867.0	-4.09	-3.66	-1.70	-0.36	0.54	1.78	2.35
1868.0	-3.38	-3.04	-1.83	-0.62	0.25	1.99	2.46
1869.0	-2.98	-2.61	-1.50	-0.51	0.59	2.16	2.53
1870.0	-2.81	-2.47	-1.20	-0.14	0.72	1.89	2.63
1871.0	-3.14	-2.78	-1.02	0.18	1.06	2.77	3.11
1872.0	-2.28	-1.89	-0.87	-0.09	0.87	2.08	2.47
1873.0	-2.97	-2.74	-0.94	-0.11	1.07	2.65	3.20
1874.0	-2.55	-2.16	-0.93	0.07	0.88	2.15	2.59
1875.0	-2.51	-2.14	-0.96	-0.24	0.60	1.87	2.34
1876.0	-2.62	-2.08	-1.04	-0.09	0.72	2.01	2.42
1877.0	-3.02	-2.58	-1.03	-0.17	0.78	2.26	2.58
1878.0	-2.61	-2.33	-0.99	-0.03	0.94	2.15	2.59
1879.0	-2.56	-1.87	-0.87	-0.01	1.03	2.58	3.21
1880.0	-2.34	-2.05	-0.50	0.61	1.50	3.13	3.60
1881.0	-2.92	-2.34	-0.34	0.57	1.69	2.91	3.51
1882.0	-2.88	-2.36	-0.38	0.67	1.70	3.23	3.68
1883.0	-2.51	-1.68	-0.31	0.67	1.72	3.19	3.63
1884.0	-2.32	-1.76	-0.44	0.72	1.67	3.27	3.64
1885.0	-2.07	-1.61	-0.27	0.65	1.50	2.84	3.44
1886.0	-1.87	-1.41	-0.18	0.62	1.64	3.12	3.66
1887.0	-2.01	-1.67	0.11	1.13	1.89	3.14	3.61
1888.0	-1.66	-1.33	0.04	0.75	1.76	3.08	3.42
1889.0	-1.84	-1.31	-0.16	0.77	1.71	2.76	3.18
1890.0	-0.97	-0.72	0.04	0.92	1.84	3.05	3.64
1891.0	-1.50	-0.76	0.14	1.00	1.73	2.99	3.66
1892.0	-1.32	-1.00	0.02	1.04	1.76	3.07	3.32
1893.0	-1.28	-1.01	0.04	0.95	1.69	2.73	3.21
1894.0	-1.25	-0.96	-0.05	0.79	1.51	2.68	2.99
1895.0	-1.52	-1.23	-0.16	0.65	1.72	3.02	3.87
1896.0	-2.22	-1.82	-0.71	0.28	1.38	2.60	3.15
1897.0	-2.69	-2.30	-0.99	-0.22	1.09	2.53	3.09
1898.0	-3.29	-2.82	-1.45	-0.71	0.46	1.70	2.04
1899.0	-3.58	-3.14	-1.78	-0.79	-0.16	0.87	1.08
1900.0	-4.30	-3.84	-2.28	-1.44	-0.59	0.99	1.27
1901.0	-4.26	-3.87	-2.25	-1.29	-0.54	0.85	1.10
1902.0	-4.50	-4.12	-2.31	-1.37	-0.31	0.74	1.19
1903.0	-3.66	-3.30	-2.33	-1.44	-0.59	0.90	1.12
1904.0	-3.80	-3.43	-2.06	-1.12	-0.16	0.98	1.27
1905.0	-3.81	-3.47	-2.02	-1.23	-0.38	1.24	1.63
1906.0	-3.87	-3.42	-2.06	-1.04	-0.12	1.08	1.25
1907.0	-3.72	-3.19	-1.64	-0.49	0.16	1.65	2.03
1908.0	-3.37	-2.94	-1.52	-0.39	0.60	2.08	2.36
1909.0	-3.18	-2.59	-1.11	-0.22	0.97	2.31	2.70
1910.0	-3.23	-2.67	-0.65	0.43	1.46	2.69	3.03
1911.0	-2.55	-2.15	-0.82	0.37	1.33	2.98	3.68
1912.0	-3.41	-2.73	-0.83	0.30	1.25	2.69	3.08
1913.0	-3.05	-2.60	-1.04	0.11	1.11	3.00	3.32
1914.0	-3.38	-3.03	-1.16	0.05	1.04	2.33	3.07
1915.0	-3.02	-2.29	-0.95	0.13	1.14	2.24	2.58
1916.0	-3.04	-2.65	-0.94	0.09	0.92	2.04	2.22
1917.0	-3.37	-2.77	-0.76	0.14	0.94	2.19	2.69
1918.0	-2.17	-1.91	-0.89	0.04	0.89	2.19	2.44
1919.0	-2.59	-1.80	-0.60	0.17	1.01	2.45	2.81
1920.0	-1.91	-1.66	-0.40	0.37	1.21	2.36	2.54
1921.0	-1.93	-1.64	-0.37	0.69	1.58	2.80	3.24
1922.0	-2.05	-1.54	-0.15	0.73	1.60	2.90	3.42
1923.0	-1.58	-1.15	0.23	1.13	2.07	3.30	3.81
1924.0	-1.12	-0.81	0.35	1.51	2.37	3.47	3.93
1925.0	-2.16	-1.62	0.15	1.26	2.20	3.42	3.98
1926.0	-1.82	-1.27	0.44	1.36	2.36	3.68	4.02
1927.0	-1.87	-1.43	0.25	1.12	2.12	3.63	4.08
1928.0	-1.53	-1.19	0.21	1.17	2.25	3.51	4.13
1929.0	-1.89	-1.43	0.11	1.24	2.59	4.06	4.66
1930.0	-1.35	-1.00	0.52	1.52	2.42	3.79	4.45
1931.0	-1.19	-0.81	0.75	1.76	2.84	4.25	4.71
1932.0	-1.10	-0.87	0.65	1.43	2.44	4.04	4.44
1933.0	-1.17	-1.03	0.68	1.55	2.40	3.77	4.17
1934.0	-1.42	-1.06	0.29	1.14	1.96	3.64	4.03
1935.0	-2.36	-1.98	-0.30	0.51	1.65	3.09	3.57
1936.0	-2.87	-2.23	-0.46	0.49	1.35	2.80	3.21
1937.0	-2.13	-1.90	-0.28	0.45	1.29	2.60	2.83
1938.0	-2.47	-1.99	-0.78	0.07	1.01	2.49	2.98
1939.0	-2.48	-2.14	-0.83	0.26	1.06	2.60	2.81
1940.0	-2.56	-2.18	-0.52	0.43	1.25	2.87	3.15
1941.0	-2.88	-2.38	-0.51	0.44	1.31	2.95	3.55
1942.0	-3.09	-2.69	-0.83	0.18	1.19	2.58	3.19
1943.0	-2.93	-2.33	-1.15	-0.05	0.95	2.20	2.55
1944.0	-3.54	-3.10	-1.76	-0.27	0.76	2.28	2.57
1945.0	-4.43	-3.48	-1.62	-0.48	0.72	2.24	2.76
1946.0	-4.52	-3.86	-2.07	-0.71	0.45	2.34	2.79
1947.0	-4.81	-4.09	-2.05	-0.59	0.92	2.87	3.49
1948.0	-5.58	-4.91	-2.08	-0.83	0.69	2.22	2.79
1949.0	-6.05	-4.93	-2.26	-0.82	0.27	2.19	3.09
1950.0	-5.37	-4.73	-2.61	-1.19	0.35	2.56	3.08
1951.0	-6.64	-5.45	-2.27	-0.73	0.25	3.10	3.86
1952.0	-4.80	-3.91	-1.65	-0.33	0.84	2.99	3.69
1953.0	-4.32	-3.87	-1.74	-0.40	0.66	2.83	3.13
1954.0	-4.70	-3.83	-1.61	-0.41	0.83	2.66	3.27
1955.0	-3.47	-2.97	-1.35	-0.06	0.86	2.44	3.22
1956.0	-3.51	-2.94	-1.11	-0.30	0.88	2.64	3.02
1957.0	-3.08	-2.66	-1.32	-0.08	0.96	2.12	2.45
1958.0	-2.39	-1.89	-0.64	0.39	1.18	2.53	3.44
1959.0	-2.05	-1.65	-0.60	0.36	1.19	2.62	3.19
1960.0	-2.27	-1.86	-0.30	0.59	1.19	2.63	3.34
1961.0	-1.95	-1.60	-0.35	0.42	1.28	2.29	2.63
1962.0	-1.56	-1.25	-0.17	0.73	1.75	2.97	3.55
1963.0	-2.09	-1.80	-0.24	0.50	1.45	3.09	3.33
1964.0	-2.25	-1.56	-0.35	0.67	1.56	3.28	3.66
1965.0	-1.32	-1.06	0.01	0.92	2.00	3.33	3.86
1966.0	-1.80	-1.50	-0.12	0.92	1.72	3.10	3.53
1967.0	-2.29	-1.64	0.01	0.88	1.86	3.47	4.02
1968.0	-1.56	-1.32	0.11	1.11	1.97	3.38	3.70
1969.0	-1.87	-1.51	-0.08	0.99	1.92	3.29	3.88
1970.0	-1.82	-1.50	-0.14	0.82	1.95	3.32	3.78
1971.0	-1.60	-1.08	0.10	0.92	1.88	3.77	4.15
1972.0	-1.61	-1.06	0.17	1.09	2.40	3.70	4.50
1973.0	-1.93	-1.32	0.59	1.63	2.53	3.82	4.04
1974.0	-0.64	-0.34	1.08	1.93	2.92	4.25	4.69
1975.0	-0.87	-0.48	1.12	1.98	2.87	4.25	4.56
1976.0	-0.48	-0.10	0.89	1.91	2.84	4.07	4.63
1977.0	-0.58	-0.09	1.28	2.10	2.81	4.19	4.66
1978.0	-0.69	-0.19	0.98	1.82	2.55	3.80	4.47
1979.0	-1.16	-0.75	0.63	1.59	2.47	3.96	4.41
1980.0	-0.72	-0.35	0.75	1.76	2.44	3.56	4.04
1981.0	-0.59	-0.39	0.61	1.69	2.50	3.94	4.47
1982.0	-0.78	-0.23	0.84	1.59	2.38	3.51	3.79
1983.0	-1.06	-0.32	0.77	1.72	2.57	3.86	4.63
1984.0	-0.52	-0.36	0.90	1.63	2.62	3.96	4.53
1985.0	-0.79	-0.20	0.51	1.35	2.11	3.50	3.87
1986.0	-1.31	-1.04	0.37	1.26	2.04	3.43	4.06
1987.0	-1.20	-0.68	0.34	1.18	2.09	3.57	3.87
1988.0	-1.50	-0.86	0.42	1.44	2.36	3.40	3.61
1989.0	-1.39	-1.01	0.71	1.48	2.29	3.65	4.24
1990.0	-1.18	-0.54	0.56	1.41	2.35	3.52	3.88
1991.0	-1.38	-0.83	0.36	1.35	2.34	3.89	4.40
1992.0	-1.01	-0.73	0.67	1.52	2.41	3.93	4.42
1993.0	-1.54	-1.09	0.33	1.28	2.39	3.66	4.19
1994.0	-1.53	-1.24	0.08	1.13	2.27	3.94	4.46
1995.0	-1.38	-0.80	0.40	1.11	1.85	3.32	3.56
1996.0	-2.46	-1.72	-0.13	0.78	1.97	3.33	3.79
1997.0	-1.19	-0.88	0.25	1.18	1.94	3.16	3.68
1998.0	-2.22	-1.61	-0.21	0.81	1.86	3.05	3.46
1999.0	-1.74	-1.32	-0.04	0.81	1.82	3.77	4.33
2000.0	-2.07	-1.54	-0.15	0.72	1.58	2.63	2.99

